3.088547e+01 2.519845e+01 9.012426e+00 4.707149e+01
1.072989e+01 1.930094e+01 1.594549e+01 1.408534e+01
-1.444076e+01 2.305390e+01 1.237263e+01 -3.759486e+00
3.357602e+01 1.340343e+01 2.193305e+01 2.504640e+01
1.186413e+01 2.787913e+01 9.716030e+00 3.002723e+01
4.838308e+01 1.233115e+01 2.535406e+01 3.536018e+01
1.951079e+01 2.037321e+01 1.713190e+01 2.275210e+01
4.039002e+01 1.179502e+01 2.318126e+01 2.900377e+01
1.332919e+01 3.055982e+01 7.485585e+00 3.640342e+01
-2.327660e+00 1.930094e+01 1.689848e+01 7.480149e-02
4.018540e+01 1.715639e+01 1.799999e+01 3.934180e+01
1.488570e+01 2.734299e+01 9.846950e+00 3.238174e+01
1.671508e+01 1.125888e+01 2.322214e+01 4.751828e+00
3.620821e+00 1.393957e+01 2.112676e+01 -3.566378e+00
1.547539e+01 1.125888e+01 2.624623e+01 4.880342e-01
3.909042e+01 1.072274e+01 2.479383e+01 2.501933e+01
1.104701e+01 2.734299e+01 8.173577e+00 3.021643e+01
-2.530037e+01 1.662025e+01 1.844608e+01 -2.712620e+01
2.288382e+01 3.216823e+01 2.988150e+00 5.206390e+01
1.603689e+01 2.841527e+01 7.011255e+00 3.744090e+01
-5.067853e+00 2.251776e+01 1.290876e+01 4.541143e+00
1.360519e+00 3.109595e+01 3.880328e+00 2.857615e+01
9.929977e+00 1.769253e+01 1.755390e+01 1.006860e+01
1.580286e+01 3.431278e+01 1.383891e+00 4.873175e+01
1.693312e+01 2.841527e+01 6.921206e+00 3.842718e+01
1.084583e+01 2.037321e+01 1.235758e+01 1.886147e+01
2.666005e+01 1.662025e+01 1.696600e+01 2.631430e+01
1.295300e+01 2.305390e+01 1.026221e+01 2.574469e+01
1.418120e+01 2.037321e+01 1.330309e+01 2.125132e+01
3.035043e+00 2.412617e+01 1.095336e+01 1.620786e+01
1.033088e+01 2.305390e+01 1.044231e+01 2.294247e+01
9.824530e+00 2.948754e+01 6.357394e+00 3.295468e+01
-5.080832e+00 2.198162e+01 1.187477e+01 5.026018e+00
1.221702e+01 2.734299e+01 8.411894e+00 3.114812e+01
5.388347e+00 2.573458e+01 7.086257e+00 2.403667e+01
2.366782e+01 2.251776e+01 1.142868e+01 3.475690e+01
5.405152e-01 2.198162e+01 1.160463e+01 1.091751e+01
2.368916e+01 2.412617e+01 1.189886e+01 3.591647e+01
2.121815e+01 2.198162e+01 1.133448e+01 3.186529e+01
1.091454e+01 2.680686e+01 8.722911e+00 2.899849e+01
1.294222e+01 3.270437e+01 5.216918e-01 4.512490e+01
1.202972e+01 2.305390e+01 1.062240e+01 2.446121e+01
-1.206218e+01 3.109595e+01 1.454741e+00 1.757903e+01
2.717441e+01 2.519845e+01 1.082659e+01 4.154627e+01
2.336644e+01 1.983707e+01 1.365913e+01 2.954439e+01
3.403044e+00 2.841527e+01 5.531175e+00 2.628714e+01
5.458355e+00 2.573458e+01 7.491475e+00 2.370146e+01
1.840188e+01 1.876480e+01 1.717019e+01 1.999650e+01
1.815979e+01 2.359003e+01 9.410903e+00 3.233892e+01
2.866856e+01 1.983707e+01 1.289372e+01 3.561192e+01
6.774684e+00 2.144549e+01 1.421935e+01 1.400081e+01
2.242387e+01 1.715639e+01 1.633981e+01 2.324044e+01
1.013009e+01 1.340343e+01 2.063306e+01 2.900455e+00
2.777235e+01 1.715639e+01 1.602464e+01 2.890410e+01
4.102672e+01 1.662025e+01 1.638069e+01 4.126629e+01
1.333345e+01 2.787913e+01 5.707119e+00 3.550546e+01
3.393287e+01 1.018661e+01 2.281433e+01 2.130514e+01
2.648166e+01 1.822866e+01 1.508744e+01 2.962288e+01
-1.716074e+01 3.216823e+01 1.598119e+00 1.340937e+01
4.413181e+00 2.359003e+01 9.906168e+00 1.809705e+01
3.400556e+00 2.787913e+01 4.761612e+00 2.651807e+01
3.297808e+01 1.286729e+01 2.053886e+01 2.530651e+01
4.385702e+00 2.573458e+01 7.671571e+00 2.244871e+01
2.436141e+01 2.359003e+01 9.996216e+00 3.795522e+01
1.203747e+01 3.538505e+01 2.797888e-01 4.714273e+01
9.419069e+00 3.431278e+01 -1.491937e+00 4.522378e+01
9.582260e+00 1.072274e+01 2.381649e+01 -3.511491e+00
2.502978e+01 2.251776e+01 1.142868e+01 3.611886e+01
2.986826e+01 1.715639e+01 1.606967e+01 3.095498e+01
-2.502060e+00 2.090935e+01 1.231671e+01 6.090580e+00
6.529037e+00 2.198162e+01 1.119941e+01 1.731125e+01
