3.424807e+01 4.603883e+01 4.898417e+00 7.538848e+01
1.327443e+01 5.911158e+01 1.973316e+01 5.265285e+01
-5.671156e+00 6.138510e+01 2.088542e+01 3.482853e+01
3.308968e+01 6.024834e+01 2.263191e+01 7.070611e+01
2.723587e+01 5.797482e+01 1.849557e+01 6.671512e+01
2.849290e+01 5.911158e+01 2.427758e+01 6.332690e+01
2.505993e+01 5.683806e+01 1.960134e+01 6.229665e+01
2.854049e+01 5.570130e+01 1.856541e+01 6.567637e+01
3.036033e+01 6.365862e+01 2.337847e+01 7.064048e+01
-8.790691e+00 4.035502e+01 3.438666e+00 2.812566e+01
3.526390e+01 5.797482e+01 1.923712e+01 7.400160e+01
2.256490e+01 5.285939e+01 1.354032e+01 6.188397e+01
-2.356107e+00 4.944911e+01 1.247341e+01 3.461960e+01
1.308541e+01 5.683806e+01 1.906145e+01 5.086201e+01
7.960703e-01 5.683806e+01 2.232442e+01 3.530971e+01
6.321939e+01 6.252186e+01 2.570634e+01 1.000349e+02
2.527724e+01 6.252186e+01 2.074073e+01 6.705838e+01
-3.643307e+00 5.683806e+01 1.826054e+01 3.493421e+01
3.746886e+01 5.797482e+01 1.475206e+01 8.069163e+01
2.967232e+01 6.138510e+01 1.928361e+01 7.177382e+01
-7.802144e-02 6.138510e+01 2.104560e+01 4.026148e+01
8.276023e+00 5.570130e+01 1.279890e+01 5.117842e+01
2.107867e+01 5.911158e+01 2.021370e+01 5.997655e+01
3.544594e+01 6.479539e+01 2.093190e+01 7.930943e+01
3.115513e+01 6.024834e+01 1.814684e+01 7.325663e+01
-1.143069e+00 4.944911e+01 6.885466e+00 4.142057e+01
3.462495e+01 6.024834e+01 1.880596e+01 7.606733e+01
3.634085e+01 5.683806e+01 1.347351e+01 7.970540e+01
3.655988e+01 6.138510e+01 1.882146e+01 7.912352e+01
9.514093e+00 4.831235e+01 7.089502e+00 5.073694e+01
2.514612e+01 5.911158e+01 1.574703e+01 6.851067e+01
1.628804e+01 5.797482e+01 1.515016e+01 5.911270e+01
2.792780e+00 6.365862e+01 2.061444e+01 4.583697e+01
1.584762e+01 5.683806e+01 1.465412e+01 5.803155e+01
4.759149e+00 5.058587e+01 6.420417e+00 4.892460e+01
4.438388e+01 6.479539e+01 2.159102e+01 8.758825e+01
1.859362e+01 6.024834e+01 1.720415e+01 6.163781e+01
2.667785e+01 6.024834e+01 1.902549e+01 6.790070e+01
4.286392e+01 5.683806e+01 1.379387e+01 8.590811e+01
3.805551e+00 5.399615e+01 1.197240e+01 4.582930e+01
7.973479e+00 5.570130e+01 9.453489e+00 5.422129e+01
1.801294e+01 6.138510e+01 1.802055e+01 6.137749e+01
-7.382543e+00 4.717559e+01 1.408323e+00 3.838472e+01
3.146846e+01 6.024834e+01 1.870513e+01 7.301166e+01
1.882714e+01 5.911158e+01 1.670812e+01 6.123061e+01
2.039638e+01 6.479539e+01 1.982903e+01 6.536274e+01
9.542441e+00 5.570130e+01 1.153584e+01 5.370789e+01
2.313446e+01 5.911158e+01 1.949054e+01 6.275550e+01
1.554590e+01 5.285939e+01 9.334663e+00 5.907063e+01
1.697305e+01 4.944911e+01 7.045647e+00 5.937651e+01
1.643918e+01 5.570130e+01 1.527935e+01 5.686112e+01
3.894382e+01 5.911158e+01 1.750902e+01 8.054637e+01
1.733261e+01 6.593215e+01 2.545086e+01 5.781390e+01
1.948571e+01 5.513292e+01 1.353036e+01 6.108827e+01
2.474736e+01 5.285939e+01 1.141702e+01 6.618974e+01
2.550984e+01 6.024834e+01 1.544216e+01 7.031601e+01
3.189420e+01 5.285939e+01 1.333919e+01 7.141440e+01
2.712974e+01 5.683806e+01 1.491514e+01 6.905266e+01
1.238202e+00 6.252186e+01 1.643424e+01 4.732583e+01
6.754412e+00 5.911158e+01 1.558685e+01 5.027914e+01
3.491279e+00 4.831235e+01 3.506170e+00 4.829746e+01
3.964566e+01 5.797482e+01 1.765371e+01 7.996677e+01
1.547010e+01 5.797482e+01 1.380936e+01 5.963556e+01
3.064003e+01 6.024834e+01 1.672361e+01 7.416476e+01
2.760347e+01 5.570130e+01 1.111465e+01 7.219012e+01
1.211950e+01 5.058587e+01 3.857521e+00 5.884785e+01
4.050671e+00 4.149178e+01 4.273460e+00 4.126899e+01
3.137869e+01 6.479539e+01 2.159102e+01 7.458305e+01
3.339060e+01 5.570130e+01 1.409874e+01 7.499315e+01
9.163513e+00 5.570130e+01 1.297747e+01 5.188734e+01
1.520699e+01 5.513292e+01 1.208873e+01 5.825118e+01
