4.879048e+01 4.855038e+01 2.731148e+01 7.002938e+01
1.477883e+01 6.233629e+01 1.464051e+01 6.247461e+01
-1.627082e+01 6.473384e+01 1.153345e+01 3.692957e+01
3.640620e+01 6.353506e+01 1.455667e+01 8.538460e+01
1.556352e+01 6.113751e+01 1.137003e+01 6.533100e+01
1.309249e+01 6.233629e+01 1.311063e+01 6.231815e+01
1.288256e+01 5.993874e+01 1.398781e+01 5.883348e+01
2.044462e+01 5.873996e+01 1.965584e+01 5.952874e+01
3.711154e+01 6.713139e+01 4.869367e+00 9.937356e+01
3.927458e+00 4.255651e+01 3.157276e+01 1.491120e+01
6.059327e+01 6.113751e+01 1.624471e+01 1.054861e+02
1.095049e+01 5.574303e+01 1.686587e+01 4.982764e+01
2.964744e+01 5.214670e+01 2.635046e+01 5.544369e+01
1.759217e+01 5.993874e+01 1.805163e+01 5.947928e+01
2.497408e+01 5.993874e+01 1.571090e+01 6.920193e+01
2.657907e+01 6.593261e+01 1.266591e+01 7.984577e+01
1.028511e+01 6.593261e+01 9.523814e+00 6.669391e+01
-1.385408e+01 5.993874e+01 1.754484e+01 2.853982e+01
3.527309e+01 6.113751e+01 1.340669e+01 8.300391e+01
9.235730e+00 6.473384e+01 1.051987e+01 6.344970e+01
-1.169124e+01 6.473384e+01 1.163481e+01 4.140779e+01
3.494728e+01 5.873996e+01 1.600696e+01 7.768028e+01
1.572393e+01 6.233629e+01 1.494458e+01 6.311564e+01
9.231703e+00 6.833016e+01 5.808613e+00 7.175325e+01
2.962862e+01 6.353506e+01 1.171865e+01 8.144503e+01
3.826849e+01 5.214670e+01 2.403398e+01 6.638122e+01
1.314846e+01 6.353506e+01 1.335512e+01 6.332840e+01
2.678211e+01 5.993874e+01 1.573515e+01 7.098570e+01
-5.245913e+00 6.473384e+01 1.144684e+01 4.804108e+01
3.369958e+01 5.094793e+01 2.167572e+01 6.297179e+01
2.194964e+01 6.233629e+01 1.333760e+01 7.094833e+01
8.720622e+00 6.113751e+01 1.047256e+01 5.938558e+01
-1.154743e+01 6.713139e+01 8.745220e+00 4.683874e+01
2.782480e+01 5.993874e+01 1.207676e+01 7.568678e+01
1.595579e+01 5.334548e+01 2.182163e+01 4.747965e+01
1.237199e+00 6.833016e+01 7.445087e+00 6.212227e+01
4.199206e+01 6.353506e+01 1.234154e+01 9.318558e+01
4.712729e+01 6.353506e+01 9.088587e+00 1.015738e+02
1.991018e+01 5.993874e+01 1.593787e+01 6.391105e+01
2.504710e+00 5.694180e+01 1.517506e+01 4.427145e+01
1.700151e+01 5.873996e+01 1.510949e+01 6.063199e+01
3.378978e+01 6.473384e+01 1.094005e+01 8.758357e+01
1.837858e+01 4.974915e+01 2.440437e+01 4.372336e+01
2.732504e+01 6.353506e+01 8.885871e+00 8.197424e+01
5.226279e+01 6.233629e+01 1.394575e+01 1.006533e+02
1.310678e+01 6.833016e+01 6.330152e+00 7.510679e+01
1.678063e+01 5.873996e+01 1.642714e+01 5.909346e+01
-2.002460e+00 6.233629e+01 1.130094e+01 4.903289e+01
1.682988e+01 5.574303e+01 1.982951e+01 5.274340e+01
3.293471e+01 5.214670e+01 2.413534e+01 6.094608e+01
2.002541e+01 5.873996e+01 1.439048e+01 6.437490e+01
-3.556742e+00 6.233629e+01 1.445254e+01 4.432701e+01
1.457591e+01 6.952894e+01 7.969395e+00 7.613546e+01
3.708215e+01 5.814058e+01 1.864825e+01 7.657447e+01
2.567170e+01 5.574303e+01 2.114716e+01 6.026757e+01
-2.225541e+00 6.353506e+01 1.122661e+01 5.008291e+01
3.711884e+01 5.574303e+01 2.236345e+01 7.049842e+01
2.050553e+01 5.993874e+01 1.664737e+01 6.379689e+01
1.268757e+01 6.593261e+01 8.018197e+00 7.060199e+01
8.230167e+00 6.233629e+01 1.323625e+01 5.733021e+01
3.178930e+01 5.094793e+01 2.381374e+01 5.892349e+01
4.305885e+01 6.113751e+01 1.646218e+01 8.773419e+01
-1.867053e+00 6.113751e+01 1.402959e+01 4.524087e+01
2.061431e+01 6.353506e+01 1.203747e+01 7.211190e+01
2.268583e+01 5.873996e+01 1.175517e+01 6.967063e+01
4.222002e+01 5.334548e+01 2.019990e+01 7.536560e+01
2.163475e+01 4.375528e+01 3.140232e+01 3.398772e+01
2.648787e+01 6.833016e+01 7.445087e+00 8.737294e+01
3.702779e+01 5.873996e+01 1.804886e+01 7.771889e+01
3.069009e+01 5.873996e+01 1.733936e+01 7.209070e+01
3.385479e+01 5.814058e+01 1.773603e+01 7.425934e+01
