2.468721e+02 0.000000e+00 9.322525e+01 1.536469e+02
4.868339e+01 0.000000e+00 9.234736e+01 -4.366398e+01
5.377087e+01 0.000000e+00 8.828110e+01 -3.451022e+01
1.926812e+02 0.000000e+00 9.668098e+01 9.600020e+01
2.818019e+01 4.120641e+01 4.461191e+01 2.477470e+01
8.415782e+01 4.120641e+01 5.684907e+01 6.851516e+01
6.808231e+01 4.120641e+01 5.125544e+01 5.803328e+01
4.968874e+01 0.000000e+00 9.998357e+01 -5.029483e+01
1.072478e+02 4.120641e+01 3.993481e+01 1.085194e+02
1.418850e+01 4.120641e+01 5.933045e+01 -3.935529e+00
1.677428e+02 0.000000e+00 9.460004e+01 7.314280e+01
4.769792e+01 4.120641e+01 4.728449e+01 4.161984e+01
1.773644e+02 0.000000e+00 1.031525e+02 7.421191e+01
8.485802e+01 0.000000e+00 9.773089e+01 -1.287287e+01
1.813710e+02 4.120641e+01 5.871991e+01 1.638575e+02
1.851535e+02 0.000000e+00 9.788374e+01 8.726981e+01
7.654128e+01 0.000000e+00 8.427207e+01 -7.730799e+00
2.777931e+01 0.000000e+00 9.553546e+01 -6.775615e+01
1.546694e+02 0.000000e+00 8.230563e+01 7.236374e+01
1.954117e+02 0.000000e+00 8.389023e+01 1.115215e+02
3.535747e+01 0.000000e+00 8.872018e+01 -5.336271e+01
1.448354e+02 0.000000e+00 8.417647e+01 6.065892e+01
8.233441e+01 0.000000e+00 9.366462e+01 -1.133021e+01
7.221679e+01 0.000000e+00 7.757129e+01 -5.354500e+00
7.825870e+01 0.000000e+00 8.438657e+01 -6.127870e+00
1.855648e+02 0.000000e+00 9.435530e+01 9.120946e+01
1.458047e+02 0.000000e+00 9.271374e+01 5.309099e+01
2.171590e+02 0.000000e+00 8.893371e+01 1.282253e+02
7.237043e+01 0.000000e+00 8.914380e+01 -1.677337e+01
1.663990e+02 4.120641e+01 5.057162e+01 1.570338e+02
1.728448e+02 0.000000e+00 8.794104e+01 8.490372e+01
1.299293e+01 4.120641e+01 4.196193e+01 1.223742e+01
7.443870e+00 0.000000e+00 8.683388e+01 -7.939001e+01
1.014365e+02 4.120641e+01 4.421460e+01 9.842829e+01
6.965320e+01 0.000000e+00 8.946811e+01 -1.981491e+01
-1.010337e+01 0.000000e+00 8.589846e+01 -9.600183e+01
2.044310e+02 0.000000e+00 8.832288e+01 1.161081e+02
7.616849e+01 4.120641e+01 4.536012e+01 7.201478e+01
1.096520e+02 0.000000e+00 8.981188e+01 1.984010e+01
2.449147e+01 4.120641e+01 4.589452e+01 1.980336e+01
4.841707e+01 0.000000e+00 8.152649e+01 -3.310942e+01
1.471112e+02 0.000000e+00 8.694837e+01 6.016282e+01
6.061803e+01 0.000000e+00 8.656625e+01 -2.594821e+01
1.017351e+02 4.120641e+01 4.448195e+01 9.845953e+01
7.183434e+01 0.000000e+00 9.057556e+01 -1.874122e+01
7.536790e+01 0.000000e+00 8.106851e+01 -5.700610e+00
1.292521e+02 0.000000e+00 8.723461e+01 4.201753e+01
5.505966e+01 4.120641e+01 5.024732e+01 4.601876e+01
6.470241e+01 0.000000e+00 9.023179e+01 -2.552938e+01
5.314802e+01 0.000000e+00 9.479439e+01 -4.164637e+01
6.833892e+01 4.120641e+01 4.954088e+01 6.000445e+01
1.426342e+01 0.000000e+00 9.277099e+01 -7.850757e+01
1.244946e+02 0.000000e+00 9.286659e+01 3.162799e+01
1.098505e+02 0.000000e+00 9.450815e+01 1.534240e+01
6.442141e+01 0.000000e+00 9.593990e+01 -3.151850e+01
5.102235e+01 0.000000e+00 8.349293e+01 -3.247058e+01
1.184494e+02 0.000000e+00 1.012089e+02 1.724045e+01
1.391476e+02 0.000000e+00 9.288548e+01 4.626209e+01
2.445327e+02 0.000000e+00 7.898758e+01 1.655452e+02
4.958397e+01 0.000000e+00 8.750195e+01 -3.791799e+01
7.132812e+01 0.000000e+00 8.870443e+01 -1.737630e+01
1.812455e+02 0.000000e+00 9.678001e+01 8.446554e+01
9.438410e+01 0.000000e+00 8.624194e+01 8.142159e+00
8.639906e+01 0.000000e+00 8.700562e+01 -6.065580e-01
1.188723e+02 4.120641e+01 3.812465e+01 1.219541e+02
1.500233e+02 0.000000e+00 8.244273e+01 6.758052e+01
3.285144e+01 4.120641e+01 6.452677e+01 9.531085e+00
1.918977e+02 0.000000e+00 8.589846e+01 1.059992e+02
1.106891e+02 0.000000e+00 9.425999e+01 1.642913e+01
1.002443e+02 0.000000e+00 9.118638e+01 9.057910e+00
1.333607e+02 0.000000e+00 9.055638e+01 4.280429e+01
