4.612887e+01 0.000000e+00 9.160221e+00 3.696865e+01
1.291775e+01 0.000000e+00 1.329879e+01 -3.810460e-01
-4.499520e+00 0.000000e+00 1.350471e+01 -1.800423e+01
2.717157e+01 0.000000e+00 1.423767e+01 1.293390e+01
3.619776e+01 1.383967e+01 2.591133e+01 2.412610e+01
5.158421e+01 1.383967e+01 2.788791e+01 3.753597e+01
5.434196e+01 1.383967e+01 2.641370e+01 4.176793e+01
2.962480e+01 0.000000e+00 1.319169e+01 1.643311e+01
4.017627e+01 1.383967e+01 2.714674e+01 2.686920e+01
2.284987e+00 1.383967e+01 2.211038e+01 -5.985722e+00
3.350857e+01 0.000000e+00 1.322466e+01 2.028391e+01
3.121620e+01 1.383967e+01 2.459769e+01 2.045818e+01
-2.118240e+00 0.000000e+00 1.157332e+01 -1.369156e+01
-4.154307e+00 0.000000e+00 1.326583e+01 -1.742013e+01
2.140319e+01 1.383967e+01 2.739375e+01 7.849112e+00
3.555309e+01 0.000000e+00 1.513539e+01 2.041770e+01
1.456979e+01 0.000000e+00 1.334824e+01 1.221549e+00
-8.177335e+00 0.000000e+00 1.297758e+01 -2.115491e+01
2.653047e+01 0.000000e+00 1.161046e+01 1.492001e+01
1.673696e+01 0.000000e+00 1.292821e+01 3.808753e+00
9.988542e-01 0.000000e+00 1.356236e+01 -1.256350e+01
1.182180e+01 0.000000e+00 1.111630e+01 7.055067e-01
2.461917e+01 0.000000e+00 1.347174e+01 1.114743e+01
2.865606e+01 0.000000e+00 1.320826e+01 1.544780e+01
2.056138e+01 0.000000e+00 1.262348e+01 7.937902e+00
2.051794e+01 0.000000e+00 1.079849e+01 9.719449e+00
2.447772e+01 0.000000e+00 1.409699e+01 1.038073e+01
1.967309e+01 0.000000e+00 1.249100e+01 7.182090e+00
3.371565e+01 0.000000e+00 1.399818e+01 1.971747e+01
1.979491e+01 1.383967e+01 2.392988e+01 9.704706e+00
2.555435e+01 0.000000e+00 1.310046e+01 1.245389e+01
3.104789e+01 1.383967e+01 2.594360e+01 1.894396e+01
7.087985e+00 0.000000e+00 1.443469e+01 -7.346707e+00
1.844223e+01 1.383967e+01 2.586947e+01 6.412432e+00
2.618973e+01 0.000000e+00 1.052672e+01 1.566301e+01
2.936406e+01 0.000000e+00 1.468177e+01 1.468229e+01
2.617522e+00 0.000000e+00 1.352050e+01 -1.090297e+01
2.901074e+01 1.383967e+01 2.712957e+01 1.572084e+01
2.937728e+01 0.000000e+00 1.260630e+01 1.677098e+01
2.133496e+01 1.383967e+01 2.516529e+01 1.000934e+01
1.186424e+01 0.000000e+00 1.114857e+01 7.156682e-01
1.300533e+01 0.000000e+00 1.370993e+01 -7.045981e-01
7.360277e-01 0.000000e+00 9.036025e+00 -8.299997e+00
3.574364e+01 1.383967e+01 2.701427e+01 2.256905e+01
1.981365e+01 0.000000e+00 1.344636e+01 6.367284e+00
1.328521e+01 0.000000e+00 1.404763e+01 -7.624107e-01
1.832152e+01 0.000000e+00 1.189802e+01 6.423508e+00
4.036096e+01 1.383967e+01 2.740133e+01 2.679930e+01
1.846384e+01 0.000000e+00 1.136679e+01 7.097056e+00
1.585545e+01 0.000000e+00 1.085614e+01 4.999312e+00
3.380050e+01 1.383967e+01 2.619889e+01 2.144128e+01
-1.848246e+01 0.000000e+00 1.373461e+01 -3.221707e+01
7.789681e+00 0.000000e+00 1.596656e+01 -8.176874e+00
2.939432e+01 0.000000e+00 1.266805e+01 1.672627e+01
3.365704e+01 0.000000e+00 1.211623e+01 2.154080e+01
2.255338e+01 0.000000e+00 1.288635e+01 9.667029e+00
2.980419e+01 0.000000e+00 1.280803e+01 1.699616e+01
3.009751e+01 0.000000e+00 1.300985e+01 1.708766e+01
1.953981e+01 0.000000e+00 1.303461e+01 6.505203e+00
6.280479e+00 0.000000e+00 1.304281e+01 -6.762335e+00
-2.795690e-01 0.000000e+00 9.686657e+00 -9.966226e+00
2.667577e+01 0.000000e+00 1.389108e+01 1.278469e+01
1.442672e+01 0.000000e+00 1.250748e+01 1.919244e+00
4.620895e+01 0.000000e+00 1.334755e+01 3.286141e+01
4.887397e+01 1.383967e+01 2.469999e+01 3.801365e+01
2.785272e+01 0.000000e+00 9.604322e+00 1.824840e+01
7.920757e+00 1.383967e+01 2.354273e+01 -1.782304e+00
2.953887e+01 0.000000e+00 1.468177e+01 1.485709e+01
3.042630e+01 0.000000e+00 1.282042e+01 1.760589e+01
3.036019e+01 0.000000e+00 1.241687e+01 1.794332e+01
2.467533e+01 0.000000e+00 1.214920e+01 1.252613e+01
