3.568245e+01 0.000000e+00 1.708034e+00 3.397442e+01
1.578498e+01 0.000000e+00 9.080800e+00 6.704175e+00
-2.193715e+01 0.000000e+00 6.816025e+00 -2.875317e+01
4.898056e+01 0.000000e+00 1.371877e+01 3.526179e+01
7.079496e+01 3.250657e+01 3.495962e+01 6.834191e+01
5.878645e+01 3.250657e+01 4.676079e+01 4.453222e+01
1.574650e+02 3.250657e+01 4.027054e+01 1.497010e+02
4.481578e+01 0.000000e+00 1.387081e+01 3.094497e+01
3.971585e+01 3.250657e+01 3.427213e+01 3.795029e+01
-9.858467e+00 3.250657e+01 3.728983e+01 -1.464173e+01
9.179561e+00 0.000000e+00 1.041216e+01 -1.232604e+00
3.428355e+01 3.250657e+01 3.418552e+01 3.260460e+01
-4.059323e+01 0.000000e+00 1.283625e+01 -5.342948e+01
-3.248048e+00 0.000000e+00 1.253944e+01 -1.578749e+01
-6.330680e+00 3.250657e+01 4.703578e+01 -2.085990e+01
2.079987e+01 0.000000e+00 1.622946e+01 4.570407e+00
3.998104e+01 0.000000e+00 3.892837e+00 3.608820e+01
-2.661921e+01 0.000000e+00 1.054966e+01 -3.716888e+01
-2.420965e+01 0.000000e+00 -7.305902e-01 -2.347906e+01
-1.059357e+01 0.000000e+00 2.836469e+00 -1.343004e+01
-2.027112e+01 0.000000e+00 7.213980e+00 -2.748510e+01
-2.601427e+01 0.000000e+00 -4.555930e-01 -2.555868e+01
6.154269e+01 0.000000e+00 1.027467e+01 5.126802e+01
2.924226e+01 0.000000e+00 -7.596709e-01 3.000193e+01
-4.263106e+00 0.000000e+00 2.576012e+00 -6.839118e+00
3.210808e+01 0.000000e+00 9.364708e+00 2.274337e+01
9.283826e+01 0.000000e+00 1.462474e+01 7.821352e+01
3.018415e+00 0.000000e+00 9.067901e+00 -6.049485e+00
3.146322e+01 0.000000e+00 1.209951e+01 1.936372e+01
-4.820607e+00 3.250657e+01 3.882513e+01 -1.113917e+01
1.543453e+01 0.000000e+00 9.588814e+00 5.845714e+00
3.157437e+01 3.250657e+01 3.705946e+01 2.702147e+01
3.127873e+00 0.000000e+00 1.142655e+01 -8.298680e+00
1.699514e+01 3.250657e+01 3.839082e+01 1.111089e+01
4.628251e+01 0.000000e+00 5.645610e+00 4.063690e+01
3.636490e+01 0.000000e+00 1.128905e+01 2.507585e+01
-3.537799e+01 0.000000e+00 1.064518e+01 -4.602317e+01
3.258001e+01 3.250657e+01 4.155993e+01 2.352665e+01
4.531325e+01 0.000000e+00 9.863812e+00 3.544944e+01
4.730891e+01 3.250657e+01 3.813763e+01 4.167784e+01
-8.299452e+00 0.000000e+00 1.644244e+00 -9.943696e+00
6.745393e+00 0.000000e+00 1.010973e+01 -3.364335e+00
-2.435339e+00 0.000000e+00 8.846837e-01 -3.320023e+00
6.708144e+01 3.250657e+01 4.076401e+01 5.882399e+01
1.201250e+01 0.000000e+00 1.197655e+01 3.595126e-02
-5.448351e+00 0.000000e+00 6.911544e+00 -1.235989e+01
3.439262e+01 0.000000e+00 6.817666e+00 2.757495e+01
6.167542e+01 3.250657e+01 4.527902e+01 4.890296e+01
1.676337e+01 0.000000e+00 7.758346e+00 9.005029e+00
3.595450e+01 0.000000e+00 9.762664e+00 2.619183e+01
2.306807e+01 3.250657e+01 4.250788e+01 1.306676e+01
-4.189690e+01 0.000000e+00 1.396633e+01 -5.586322e+01
5.454544e+01 0.000000e+00 1.831476e+01 3.623069e+01
-8.252480e-01 0.000000e+00 1.305473e+01 -1.387997e+01
3.508469e+01 0.000000e+00 1.293177e+01 2.215292e+01
6.340986e+01 0.000000e+00 6.267671e+00 5.714219e+01
4.674289e+01 0.000000e+00 1.770723e+01 2.903566e+01
-2.098217e+00 0.000000e+00 1.264950e+01 -1.474772e+01
-1.350840e+01 0.000000e+00 3.604941e+00 -1.711334e+01
2.344415e+01 0.000000e+00 9.190859e+00 1.425329e+01
1.019967e+01 0.000000e+00 3.532874e+00 6.666796e+00
2.322622e+01 0.000000e+00 1.688951e+01 6.336710e+00
2.586436e+01 0.000000e+00 7.338580e+00 1.852578e+01
8.555420e+00 0.000000e+00 9.451316e+00 -8.958958e-01
3.396819e+01 3.250657e+01 3.216103e+01 3.431373e+01
-1.113163e+01 0.000000e+00 -7.216788e-01 -1.040995e+01
-6.918688e+00 3.250657e+01 4.721127e+01 -2.162340e+01
3.604967e+01 0.000000e+00 1.128905e+01 2.476061e+01
5.007855e-01 0.000000e+00 1.318495e+01 -1.268417e+01
1.051617e+01 0.000000e+00 1.039927e+01 1.169038e-01
8.575501e+01 0.000000e+00 9.473126e+00 7.628189e+01
