1.006680e+01 5.184427e+01 1.386191e+00 6.052487e+01
3.566154e+00 3.971050e+01 -7.986374e+00 5.126303e+01
-3.610756e+01 4.743199e+01 2.153212e-01 1.110911e+01
-2.789000e+01 2.757674e+01 -1.988003e+01 1.956678e+01
-6.243796e-01 5.735962e+01 1.532959e+01 4.140565e+01
-2.719692e+01 2.537060e+01 -1.641932e+01 1.459300e+01
1.311246e+01 4.191664e+01 -3.534894e-01 5.538260e+01
-3.079638e+01 2.426753e+01 -2.414966e+01 1.762081e+01
6.877299e+01 6.287496e+01 2.204546e+01 1.096025e+02
3.512271e+00 3.971050e+01 -6.041141e+00 4.926392e+01
-9.216450e+00 3.529823e+01 -1.263876e+01 3.872053e+01
-1.054736e+01 5.625655e+01 1.314605e+01 3.256314e+01
3.309923e+01 2.316446e+01 -2.657330e+01 8.283699e+01
-2.319208e+01 2.867981e+01 -1.949728e+01 2.498501e+01
-1.907910e+01 2.316446e+01 -1.910567e+01 2.319103e+01
-3.175911e+01 2.206139e+01 -2.491517e+01 1.521745e+01
7.384203e+01 5.625655e+01 9.279982e+00 1.208186e+02
-2.595625e+01 3.419516e+01 -1.398193e+01 2.222083e+01
1.607116e+01 6.618417e+01 1.824719e+01 6.400814e+01
9.255736e+00 5.846269e+01 1.124602e+01 5.647241e+01
-1.565240e+01 4.632892e+01 -8.877483e-01 3.156427e+01
-2.047371e+01 6.397803e+01 1.556084e+01 2.794348e+01
-6.472112e+00 3.640129e+01 -1.129558e+01 4.122477e+01
1.660342e+01 7.059645e+01 2.410009e+01 6.309978e+01
1.510892e+01 5.846269e+01 1.100591e+01 6.256570e+01
2.574299e+01 4.191664e+01 6.151715e+00 6.150792e+01
-2.607661e+01 3.419516e+01 7.112189e-01 7.407326e+00
-3.463275e+01 4.743199e+01 1.322774e+01 -4.284978e-01
4.059579e+01 4.191664e+01 8.672810e+00 7.383962e+01
6.074118e+01 4.963813e+01 1.954005e+01 9.083926e+01
7.895267e+01 4.743199e+01 1.370795e+01 1.126767e+02
-1.542417e+01 6.066882e+01 3.261163e+01 1.263302e+01
-7.705738e+00 4.522585e+01 1.246223e+01 2.505789e+01
3.226002e+01 5.625655e+01 2.795925e+01 6.055732e+01
-1.974286e+00 5.294734e+01 1.742251e+01 3.355054e+01
1.172878e+01 4.632892e+01 1.380540e+01 4.425230e+01
1.189945e+02 4.522585e+01 1.174191e+01 1.524784e+02
5.090002e+01 4.963813e+01 2.206115e+01 7.847701e+01
2.151898e+01 4.522585e+01 1.102160e+01 5.572323e+01
1.924340e+01 5.515348e+01 2.625592e+01 4.814096e+01
3.068383e+01 6.728724e+01 3.284289e+01 6.512818e+01
-9.492180e+00 4.743199e+01 1.418816e+01 2.375165e+01
1.687820e+01 6.397803e+01 2.773290e+01 5.312334e+01
-3.166642e+01 5.184427e+01 2.426729e+01 -4.089433e+00
1.127662e+02 4.081357e+01 7.089532e+00 1.464902e+02
9.666554e+01 5.846269e+01 2.593917e+01 1.291891e+02
4.175274e+01 5.294734e+01 1.850298e+01 7.619709e+01
6.199511e-01 3.860743e+01 1.079035e+01 2.843704e+01
-8.869030e+00 4.853506e+01 1.349044e+01 2.617558e+01
-1.793906e+01 4.081357e+01 5.048645e+00 1.782587e+01
5.767014e+01 4.412278e+01 1.558538e+01 8.620754e+01
6.481086e-01 3.529823e+01 1.574184e+00 3.437215e+01
-5.336868e+01 2.757674e+01 -4.706677e+00 -2.108526e+01
-1.034117e+01 3.529823e+01 7.338191e-01 2.422324e+01
-3.232481e+01 3.419516e+01 -8.494591e-01 2.719805e+00
-1.363251e+01 5.735962e+01 2.387568e+01 1.985143e+01
-1.953051e+01 2.095832e+01 -1.408629e+01 1.551410e+01
4.841070e+01 3.750436e+01 3.300115e+00 8.261495e+01
4.421043e+01 6.618417e+01 3.318044e+01 7.721416e+01
3.780172e+01 4.853506e+01 1.481102e+01 7.152576e+01
5.182846e+00 5.735962e+01 2.135458e+01 4.118788e+01
8.126144e+01 2.647367e+01 -7.490477e+00 1.152256e+02
6.304757e+00 5.294734e+01 1.898319e+01 4.026890e+01
3.929650e+01 4.853506e+01 1.505112e+01 7.278044e+01
2.694104e+01 7.280259e+01 4.426519e+01 5.547844e+01
6.495009e+01 7.059645e+01 3.507163e+01 1.004749e+02
-1.666843e+01 2.206139e+01 -9.477313e+00 1.487028e+01
4.798050e+01 4.632892e+01 1.380540e+01 8.050402e+01
3.181697e+01 3.529823e+01 8.538712e-01 6.626133e+01
3.988413e+01 4.301971e+01 8.575358e+00 7.432848e+01
5.347258e+01 4.522585e+01 1.066144e+01 8.803699e+01
