5.615847e+01 1.166174e+02 3.409540e+01 1.386805e+02
4.096051e+01 1.497310e+02 6.979312e+01 1.208984e+02
1.192489e+02 1.554899e+02 7.390756e+01 2.008312e+02
6.003893e+01 1.526105e+02 7.525669e+01 1.373927e+02
1.048460e+02 1.468516e+02 5.744082e+01 1.942568e+02
2.975247e+01 1.497310e+02 6.713297e+01 1.123505e+02
4.287286e+01 1.439721e+02 5.785027e+01 1.289947e+02
3.850263e+01 1.410927e+02 6.444369e+01 1.151516e+02
7.140580e+01 1.612488e+02 7.066343e+01 1.619912e+02
9.381442e+00 1.022202e+02 1.656819e+01 9.503347e+01
7.028428e+01 1.468516e+02 6.785336e+01 1.492825e+02
4.811992e+01 1.338941e+02 4.471825e+01 1.372958e+02
3.299305e+01 1.252558e+02 4.884167e+01 1.094071e+02
5.540920e+01 1.439721e+02 6.638345e+01 1.329979e+02
3.604756e+01 1.439721e+02 6.184392e+01 1.181758e+02
1.010869e+02 1.583693e+02 8.219018e+01 1.772661e+02
7.974551e+01 1.583693e+02 7.490763e+01 1.632072e+02
8.674110e+00 1.439721e+02 6.520884e+01 8.743740e+01
6.080508e+01 1.468516e+02 6.127557e+01 1.463811e+02
1.252495e+02 1.554899e+02 7.155835e+01 2.091811e+02
-7.582975e+00 1.554899e+02 7.414248e+01 7.376445e+01
6.906774e+01 1.410927e+02 5.598653e+01 1.541739e+02
6.312126e+01 1.497310e+02 7.049788e+01 1.423544e+02
1.163644e+02 1.641282e+02 7.761255e+01 2.028801e+02
1.025405e+02 1.526105e+02 6.867891e+01 1.864720e+02
1.776821e+01 1.252558e+02 2.807457e+01 1.149494e+02
1.094703e+02 1.526105e+02 5.707372e+01 2.050071e+02
1.162503e+02 1.439721e+02 4.561634e+01 2.146061e+02
5.031926e+01 1.554899e+02 5.830872e+01 1.475004e+02
9.668775e+01 1.223763e+02 1.783656e+01 2.012275e+02
1.353869e+02 1.497310e+02 5.137523e+01 2.337427e+02
4.673202e+01 1.468516e+02 3.996261e+01 1.536210e+02
1.535107e+01 1.612488e+02 6.336284e+01 1.132370e+02
4.239254e+01 1.439721e+02 3.802285e+01 1.483418e+02
4.548484e+01 1.281352e+02 2.860480e+01 1.450152e+02
4.258505e+01 1.641282e+02 6.600736e+01 1.407059e+02
1.115341e+02 1.526105e+02 5.472451e+01 2.094201e+02
3.438618e+01 1.526105e+02 4.807070e+01 1.389259e+02
1.477963e+02 1.439721e+02 4.608619e+01 2.456822e+02
1.573993e+00 1.367735e+02 3.105916e+01 1.072884e+02
5.207358e+01 1.410927e+02 3.850832e+01 1.546579e+02
6.596272e+01 1.554899e+02 5.713411e+01 1.643185e+02
-1.281673e+01 1.194969e+02 1.761727e+01 8.906288e+01
6.542895e+01 1.526105e+02 4.760086e+01 1.704385e+02
6.403834e+01 1.497310e+02 5.278475e+01 1.609846e+02
5.594613e+01 1.641282e+02 6.342323e+01 1.566511e+02
2.798882e+01 1.410927e+02 4.156230e+01 1.275192e+02
5.237071e+01 1.497310e+02 4.754047e+01 1.545613e+02
6.839046e+01 1.338941e+02 3.530337e+01 1.669812e+02
5.182255e+01 1.252558e+02 2.830949e+01 1.487688e+02
3.996310e+01 1.410927e+02 3.772754e+01 1.433283e+02
7.484896e+01 1.497310e+02 5.395936e+01 1.706206e+02
3.639495e+01 1.670077e+02 7.288046e+01 1.305222e+02
5.074102e+01 1.396530e+02 4.388131e+01 1.465127e+02
4.997443e+01 1.338941e+02 3.835735e+01 1.455112e+02
7.513734e+01 1.526105e+02 5.214038e+01 1.756074e+02
7.051012e+01 1.338941e+02 4.117640e+01 1.632278e+02
8.751936e+01 1.439721e+02 4.773063e+01 1.837609e+02
2.570591e+01 1.583693e+02 5.601990e+01 1.280554e+02
2.784573e+01 1.497310e+02 5.114031e+01 1.264364e+02
1.571646e+01 1.223763e+02 2.190623e+01 1.161865e+02
8.577309e+01 1.468516e+02 5.295928e+01 1.796654e+02
3.751444e+01 1.468516e+02 4.732118e+01 1.370448e+02
3.594203e+01 1.526105e+02 5.401975e+01 1.345327e+02
3.489868e+01 1.410927e+02 3.161959e+01 1.443718e+02
4.572516e+01 1.281352e+02 2.484607e+01 1.490143e+02
8.513781e+00 1.050997e+02 6.432924e+00 1.071805e+02
1.023800e+02 1.641282e+02 6.600736e+01 2.005009e+02
8.974843e+01 1.410927e+02 4.532103e+01 1.855201e+02
3.381373e+01 1.410927e+02 4.367658e+01 1.312298e+02
8.369954e+01 1.396530e+02 4.176702e+01 1.815855e+02
