7.068885e+01 9.433219e+01 6.216413e+01 1.028569e+02
5.548110e+01 1.211179e+02 3.280095e+01 1.437980e+02
-3.515530e+01 1.257762e+02 2.978280e+01 6.083815e+01
4.679668e+01 1.234471e+02 2.789426e+01 1.423495e+02
1.681129e+01 1.187887e+02 1.946030e+01 1.161397e+02
7.966005e+00 1.211179e+02 1.033587e+01 1.187480e+02
1.963491e+01 1.164595e+02 1.850903e+01 1.175854e+02
1.018286e+01 1.141303e+02 3.650806e+01 8.780510e+01
7.595602e+01 1.304346e+02 8.985943e+00 1.974047e+02
2.659996e+00 8.268624e+01 5.181365e+01 3.353259e+01
1.771687e+02 1.187887e+02 3.419286e+01 2.617645e+02
7.920746e+00 1.083073e+02 2.970734e+01 8.652074e+01
5.953883e+01 1.013198e+02 4.908428e+01 1.117743e+02
3.950846e+01 1.164595e+02 3.511614e+01 1.208518e+02
1.793363e+02 1.164595e+02 1.452562e+01 2.812702e+02
1.350822e+02 1.281054e+02 2.206428e+01 2.411233e+02
2.373824e+01 1.281054e+02 2.932816e+01 1.225155e+02
7.202787e+00 1.164595e+02 3.628774e+01 8.737454e+01
1.172735e+02 1.187887e+02 4.075378e+01 1.953084e+02
1.201434e+02 1.257762e+02 3.212598e+01 2.137936e+02
-1.268197e+00 1.257762e+02 2.954848e+01 9.495957e+01
1.806435e+02 1.141303e+02 4.494352e+01 2.498303e+02
1.616881e+01 1.211179e+02 3.209799e+01 1.051887e+02
1.918233e+01 1.327638e+02 2.771592e+01 1.242302e+02
5.733320e+01 1.234471e+02 3.445517e+01 1.463251e+02
1.057810e+02 1.013198e+02 4.924424e+01 1.578566e+02
4.286921e+01 1.234471e+02 2.547671e+01 1.408396e+02
6.672088e+01 1.164595e+02 3.527610e+01 1.479043e+02
3.000354e+00 1.257762e+02 2.478775e+01 1.039889e+02
5.525325e+01 9.899057e+01 3.379473e+01 1.204491e+02
7.038624e+01 1.211179e+02 3.061772e+01 1.608864e+02
-1.160865e+00 1.187887e+02 1.633980e+01 1.012880e+02
-7.180797e+00 1.304346e+02 2.083233e+01 1.024215e+02
4.633866e+01 1.164595e+02 1.773172e+01 1.450664e+02
1.609714e+01 1.036489e+02 4.925824e+01 7.048785e+01
-1.479669e+01 1.327638e+02 1.873746e+01 9.922968e+01
1.345421e+02 1.234471e+02 2.781990e+01 2.301693e+02
1.060286e+02 1.234471e+02 9.338236e+00 2.201374e+02
4.572921e+01 1.164595e+02 3.480747e+01 1.273812e+02
-4.184910e+00 1.106365e+02 2.332037e+01 8.313123e+01
4.000730e+00 1.141303e+02 4.182302e+01 7.630800e+01
1.652118e+02 1.257762e+02 2.595934e+01 2.650287e+02
8.578747e+01 9.666138e+01 5.858899e+01 1.238599e+02
3.854823e+01 1.234471e+02 9.806873e+00 1.521884e+02
6.905377e+01 1.211179e+02 2.921181e+01 1.609598e+02
3.877995e+01 1.327638e+02 2.131496e+01 1.502288e+02
1.835713e+01 1.141303e+02 3.877688e+01 9.371055e+01
-2.728296e+01 1.211179e+02 9.324241e+00 8.451067e+01
1.016976e+01 1.083073e+02 4.366258e+01 7.481450e+01
7.409236e+01 1.013198e+02 4.900992e+01 1.264022e+02
6.346609e+01 1.141303e+02 1.748340e+01 1.601130e+02
2.652098e+01 1.211179e+02 2.804022e+01 1.195986e+02
7.929442e+00 1.350930e+02 1.242485e+01 1.305976e+02
8.977792e+01 1.129657e+02 3.619238e+01 1.665512e+02
7.740115e+01 1.083073e+02 4.061644e+01 1.450920e+02
9.804045e+00 1.234471e+02 3.039740e+01 1.028537e+02
3.639521e+01 1.083073e+02 3.780462e+01 1.068979e+02
5.355038e+01 1.164595e+02 3.316724e+01 1.368426e+02
1.771979e+00 1.281054e+02 2.761357e+01 1.022638e+02
3.137272e+01 1.211179e+02 3.085204e+01 1.216385e+02
8.172836e+01 9.899057e+01 5.485389e+01 1.258650e+02
3.004589e+01 1.187887e+02 2.849486e+01 1.203397e+02
1.948374e+01 1.187887e+02 3.411850e+01 1.041539e+02
4.768691e+01 1.234471e+02 2.852285e+01 1.426111e+02
8.302155e+01 1.141303e+02 2.357568e+01 1.735762e+02
7.348805e+01 1.036489e+02 5.300733e+01 1.241297e+02
3.271298e+01 8.501543e+01 4.191191e+01 7.581650e+01
4.892083e+01 1.327638e+02 1.873746e+01 1.629472e+02
4.877254e+01 1.141303e+02 3.502779e+01 1.278750e+02
1.340036e+02 1.141303e+02 3.666802e+01 2.114659e+02
1.626591e+02 1.129657e+02 3.830125e+01 2.373235e+02
