1.040172e+02 0.000000e+00 5.499298e+01 4.902424e+01
4.169964e+01 0.000000e+00 4.489993e+01 -3.200291e+00
-9.588282e+00 0.000000e+00 4.297663e+01 -5.256491e+01
9.943377e+01 0.000000e+00 4.421156e+01 5.522221e+01
1.874580e+01 1.899890e+01 2.649516e+01 1.124954e+01
3.920175e+01 1.899890e+01 2.614605e+01 3.205461e+01
3.229769e+01 1.899890e+01 2.765471e+01 2.364188e+01
3.319925e+01 0.000000e+00 4.785085e+01 -1.465159e+01
7.842818e+01 1.899890e+01 2.192250e+01 7.550458e+01
2.450116e+01 1.899890e+01 4.067983e+01 2.820229e+00
1.236799e+02 0.000000e+00 4.587100e+01 7.780894e+01
3.476280e+01 1.899890e+01 3.054459e+01 2.321711e+01
8.774800e+01 0.000000e+00 5.279596e+01 3.495204e+01
4.189935e+01 0.000000e+00 4.687977e+01 -4.980422e+00
7.617181e+01 1.899890e+01 2.797511e+01 6.719559e+01
1.088538e+02 0.000000e+00 4.251443e+01 6.633939e+01
4.732691e+01 0.000000e+00 4.193017e+01 5.396749e+00
1.528369e+01 0.000000e+00 4.678553e+01 -3.150184e+01
1.227350e+02 0.000000e+00 4.534328e+01 7.739170e+01
8.307745e+01 0.000000e+00 4.278816e+01 4.028929e+01
1.244535e+01 0.000000e+00 4.299548e+01 -3.055013e+01
9.013561e+01 0.000000e+00 4.717234e+01 4.296327e+01
4.552731e+01 0.000000e+00 4.495647e+01 5.708413e-01
2.923939e+01 0.000000e+00 3.989378e+01 -1.065440e+01
7.508560e+01 0.000000e+00 4.368384e+01 3.140176e+01
7.296478e+01 0.000000e+00 5.375470e+01 1.921008e+01
4.128442e+01 0.000000e+00 4.537763e+01 -4.093204e+00
8.912311e+01 0.000000e+00 4.783851e+01 4.128460e+01
3.173917e+01 0.000000e+00 4.435001e+01 -1.261084e+01
8.287816e+01 1.899890e+01 3.551956e+01 6.635750e+01
8.070182e+01 0.000000e+00 4.604714e+01 3.465468e+01
2.652405e+01 1.899890e+01 2.771776e+01 1.780518e+01
-7.323520e+00 0.000000e+00 4.250210e+01 -4.982562e+01
5.911167e+01 1.899890e+01 2.868884e+01 4.942173e+01
3.341583e+01 0.000000e+00 5.267054e+01 -1.925472e+01
2.284465e+01 0.000000e+00 4.158757e+01 -1.874292e+01
1.123536e+02 0.000000e+00 4.518915e+01 6.716444e+01
1.231995e+02 1.899890e+01 2.611487e+01 1.160836e+02
8.969885e+01 0.000000e+00 4.787621e+01 4.182265e+01
1.148347e+01 1.899890e+01 3.094690e+01 -4.645337e-01
4.696273e+01 0.000000e+00 4.839495e+01 -1.432213e+00
1.092510e+02 0.000000e+00 4.425577e+01 6.499518e+01
6.294840e+01 0.000000e+00 5.516912e+01 7.779275e+00
6.483227e+01 1.899890e+01 2.607717e+01 5.775399e+01
9.009294e+01 0.000000e+00 4.616023e+01 4.393271e+01
5.776886e+01 0.000000e+00 4.138025e+01 1.638862e+01
5.420151e+01 0.000000e+00 4.863996e+01 5.561552e+00
-6.453681e+00 1.899890e+01 2.719902e+01 -1.465381e+01
4.855411e+01 0.000000e+00 5.095456e+01 -2.400457e+00
4.318596e+01 0.000000e+00 5.377355e+01 -1.058758e+01
4.795325e+01 1.899890e+01 2.979184e+01 3.716030e+01
3.562346e+01 0.000000e+00 4.625446e+01 -1.063100e+01
4.851454e+01 0.000000e+00 4.101229e+01 7.502256e+00
7.858045e+01 0.000000e+00 4.938936e+01 2.919109e+01
7.071954e+01 0.000000e+00 5.119958e+01 1.951996e+01
2.988855e+01 0.000000e+00 4.498183e+01 -1.509328e+01
5.891493e+01 0.000000e+00 5.142575e+01 7.489180e+00
6.604754e+01 0.000000e+00 4.800814e+01 1.803940e+01
6.498261e+01 0.000000e+00 4.303969e+01 2.194293e+01
3.157901e+01 0.000000e+00 4.602830e+01 -1.444929e+01
6.773712e+01 0.000000e+00 5.438652e+01 1.335059e+01
9.981593e+01 0.000000e+00 4.730093e+01 5.251500e+01
2.551274e+01 0.000000e+00 4.684859e+01 -2.133585e+01
5.588196e+01 0.000000e+00 4.513261e+01 1.074935e+01
5.066592e+01 1.899890e+01 2.930181e+01 4.036300e+01
7.763612e+01 0.000000e+00 5.236899e+01 2.526713e+01
2.501801e+01 1.899890e+01 4.136485e+01 2.652058e+00
8.286054e+01 0.000000e+00 4.158757e+01 4.127297e+01
8.543844e+01 0.000000e+00 4.894152e+01 3.649692e+01
8.908292e+01 0.000000e+00 4.880959e+01 4.027333e+01
8.332810e+01 0.000000e+00 4.921974e+01 3.410836e+01
