6.434624e+01 1.086671e+02 2.332184e+01 1.496915e+02
1.363222e+01 1.086671e+02 1.239056e+01 1.099087e+02
3.063441e+01 1.086671e+02 5.570587e+00 1.337309e+02
2.363860e+01 1.086671e+02 1.698275e+01 1.153229e+02
5.837016e+00 1.086671e+02 3.518759e+00 1.109853e+02
7.666747e+01 1.086671e+02 1.804468e+01 1.672899e+02
-4.688859e+00 1.086671e+02 1.272342e+01 9.125479e+01
6.056266e+01 1.086671e+02 2.455207e+01 1.446777e+02
-9.329901e+00 1.086671e+02 -6.632741e+00 1.059699e+02
1.615567e+01 1.086671e+02 3.526435e+01 8.955839e+01
4.497365e+00 1.086671e+02 1.607648e+01 9.708795e+01
-1.373286e+01 1.086671e+02 1.072355e+01 8.421066e+01
8.472690e+01 1.086671e+02 3.323529e+01 1.601587e+02
-9.947488e+00 1.086671e+02 2.086615e+01 7.785343e+01
1.739406e+01 1.086671e+02 2.210528e+01 1.039558e+02
2.792061e+00 1.086671e+02 1.678527e+01 9.467386e+01
-1.676907e+01 1.086671e+02 -3.228321e-01 9.222083e+01
-6.037439e+00 1.086671e+02 1.810678e+01 8.452285e+01
3.190403e+01 1.086671e+02 6.240044e-01 1.399471e+02
8.272879e+00 1.086671e+02 5.184555e-02 1.168881e+02
1.751029e+01 1.086671e+02 6.122461e+00 1.200549e+02
5.711380e+00 1.086671e+02 4.684605e+00 1.096938e+02
-4.148547e+00 1.086671e+02 1.404618e+01 9.047234e+01
-1.112042e+00 1.086671e+02 -1.045405e+01 1.180091e+02
1.907226e+00 1.086671e+02 1.530272e+00 1.090440e+02
1.076247e+01 1.086671e+02 2.338432e+01 9.604522e+01
2.352600e+01 1.086671e+02 1.320239e+01 1.189907e+02
3.112584e+01 1.086671e+02 1.101518e+01 1.287777e+02
3.756372e+00 1.086671e+02 7.860847e+00 1.045626e+02
7.084278e-01 1.086671e+02 1.947939e+01 8.989611e+01
-9.871492e-01 1.086671e+02 8.058329e+00 9.962159e+01
1.403779e+01 1.086671e+02 1.394026e+00 1.213108e+02
-1.465341e+00 1.086671e+02 3.248373e+00 1.039534e+02
5.985051e+01 1.086671e+02 5.079949e+00 1.634376e+02
3.347796e+01 1.086671e+02 1.638715e+01 1.257579e+02
5.456077e+00 1.086671e+02 1.218073e+00 1.129051e+02
3.198881e+01 1.086671e+02 7.683651e+00 1.329722e+02
2.644754e+01 1.086671e+02 3.955916e+00 1.311587e+02
4.130964e+01 1.086671e+02 1.211893e+01 1.378578e+02
1.850855e+01 1.086671e+02 9.327888e+00 1.178477e+02
-5.206472e+00 1.086671e+02 2.559872e+00 1.009007e+02
2.370639e-01 1.086671e+02 5.101477e+00 1.038027e+02
8.260427e+00 1.086671e+02 1.530369e+01 1.016238e+02
-2.312531e+00 1.086671e+02 2.852168e+00 1.035024e+02
3.493509e+01 1.086671e+02 1.136957e+01 1.322326e+02
-8.496722e+00 1.086671e+02 -4.852543e+00 1.050229e+02
-3.792474e+00 1.086671e+02 9.734236e+00 9.514036e+01
5.653260e+01 1.086671e+02 1.095308e+01 1.542466e+02
2.610877e+01 1.086671e+02 1.563780e+01 1.191380e+02
-9.333418e+00 1.086671e+02 2.393619e+01 7.539746e+01
2.302162e+01 1.086671e+02 1.262899e+01 1.190597e+02
-3.810255e+01 1.086671e+02 1.412894e+01 5.643557e+01
-2.351313e+01 1.086671e+02 9.121508e+00 7.603243e+01
4.868286e+01 1.086671e+02 1.930344e+01 1.380465e+02
5.415840e+01 1.086671e+02 2.281216e+01 1.400133e+02
-1.667152e+00 1.086671e+02 1.613035e+00 1.053869e+02
7.508648e+01 1.086671e+02 2.943465e+01 1.543189e+02
8.059907e+01 1.086671e+02 1.598205e+01 1.732841e+02
-3.165382e+01 1.086671e+02 -5.758810e+00 8.277205e+01
1.902209e+00 1.086671e+02 7.506454e+00 1.030628e+02
7.274094e+00 1.086671e+02 1.713651e+01 9.880465e+01
-3.261580e+00 1.086671e+02 2.002236e+01 8.538312e+01
3.066452e+01 1.086671e+02 6.777384e+00 1.325542e+02
2.069725e+01 1.086671e+02 6.028028e+00 1.233363e+02
-1.282023e-01 1.086671e+02 -1.719738e+00 1.102586e+02
1.116870e+02 1.086671e+02 7.557166e+00 2.127969e+02
1.749688e+01 1.086671e+02 4.214680e+01 8.401715e+01
1.286808e+01 1.086671e+02 1.218073e+00 1.203171e+02
5.555035e+01 1.086671e+02 1.856422e+01 1.456532e+02
-5.623416e+00 1.086671e+02 1.470110e+01 8.834255e+01
-2.904383e+00 1.086671e+02 1.433657e+01 9.142612e+01
