5.574610e+01 1.320109e+01 3.398903e+01 3.495816e+01
2.041624e+01 1.320109e+01 3.631624e+01 -2.698915e+00
1.689683e+01 1.320109e+01 3.511830e+01 -5.020377e+00
5.827933e+01 1.320109e+01 3.832454e+01 3.315588e+01
5.198545e+01 1.320109e+01 3.504962e+01 3.013691e+01
7.152267e+01 1.320109e+01 4.029455e+01 4.442921e+01
6.049977e+01 1.320109e+01 3.753662e+01 3.616424e+01
5.785612e+01 1.320109e+01 3.874249e+01 3.231471e+01
4.507112e+01 1.320109e+01 3.430242e+01 2.396979e+01
1.632609e+01 1.320109e+01 3.745586e+01 -7.928683e+00
6.900368e+01 1.320109e+01 3.700512e+01 4.519966e+01
4.717675e+01 1.320109e+01 3.509276e+01 2.528507e+01
3.661504e+01 1.320109e+01 3.875526e+01 1.106087e+01
1.067951e+01 1.320109e+01 3.805362e+01 -1.417302e+01
3.987251e+01 1.320109e+01 4.059343e+01 1.248017e+01
6.794664e+01 1.320109e+01 3.928435e+01 4.186338e+01
4.205931e+01 1.320109e+01 3.371017e+01 2.155023e+01
1.406029e+01 1.320109e+01 3.715456e+01 -9.893175e+00
5.453398e+01 1.320109e+01 3.197037e+01 3.576469e+01
3.479210e+01 1.320109e+01 3.332017e+01 1.467301e+01
1.154511e+01 1.320109e+01 3.529811e+01 -1.055191e+01
2.539154e+01 1.320109e+01 3.226926e+01 6.323376e+00
3.642539e+01 1.320109e+01 3.685567e+01 1.277081e+01
4.472454e+01 1.320109e+01 3.143336e+01 2.649228e+01
4.974916e+01 1.320109e+01 3.328980e+01 2.966045e+01
3.163728e+01 0.000000e+00 2.249737e+01 9.139913e+00
4.540968e+01 0.000000e+00 2.404458e+01 2.136509e+01
3.590321e+01 0.000000e+00 2.179572e+01 1.410748e+01
3.559572e+01 0.000000e+00 2.281627e+01 1.277945e+01
2.568556e+01 0.000000e+00 2.284906e+01 2.836498e+00
4.642638e+01 0.000000e+00 2.185646e+01 2.456992e+01
2.228713e+01 0.000000e+00 2.130910e+01 9.780313e-01
1.298178e+01 0.000000e+00 2.233758e+01 -9.355795e+00
2.805858e+01 0.000000e+00 2.199798e+01 6.060604e+00
2.829964e+01 0.000000e+00 2.072962e+01 7.570020e+00
3.744738e+01 0.000000e+00 2.218814e+01 1.525924e+01
2.021444e+01 0.000000e+00 2.224646e+01 -2.032021e+00
2.634145e+01 0.000000e+00 2.316796e+01 3.173484e+00
4.186793e+01 0.000000e+00 2.215535e+01 1.971259e+01
1.188801e+01 0.000000e+00 2.210186e+01 -1.021385e+01
2.077902e+01 0.000000e+00 1.852873e+01 2.250286e+00
2.276117e+01 0.000000e+00 2.191721e+01 8.439624e-01
5.448978e+00 0.000000e+00 1.884038e+01 -1.339140e+01
3.028041e+01 0.000000e+00 2.280834e+01 7.472071e+00
3.913123e+01 0.000000e+00 2.293534e+01 1.619590e+01
1.609028e+01 0.000000e+00 2.021020e+01 -4.119922e+00
1.625058e+01 0.000000e+00 2.086629e+01 -4.615704e+00
3.725835e+01 0.000000e+00 2.493571e+01 1.232264e+01
3.624607e+01 0.000000e+00 2.150961e+01 1.473646e+01
3.985759e+01 0.000000e+00 2.267718e+01 1.718041e+01
1.927142e+01 0.000000e+00 2.394554e+01 -4.674115e+00
1.825796e+01 0.000000e+00 2.383440e+01 -5.576438e+00
1.297904e+01 0.000000e+00 2.527531e+01 -1.229627e+01
3.926015e+01 0.000000e+00 2.372810e+01 1.553205e+01
5.740934e+01 0.000000e+00 2.384717e+01 3.356217e+01
3.163234e+01 0.000000e+00 2.026853e+01 1.136381e+01
4.390662e+01 0.000000e+00 2.600491e+01 1.790171e+01
4.890641e+01 0.000000e+00 2.341403e+01 2.549238e+01
2.717254e+01 0.000000e+00 1.889077e+01 8.281768e+00
1.996852e+01 0.000000e+00 2.167665e+01 -1.708137e+00
1.705962e+01 0.000000e+00 1.994962e+01 -2.890006e+00
3.904591e+01 0.000000e+00 2.524252e+01 1.380338e+01
1.766826e+01 0.000000e+00 2.092703e+01 -3.258770e+00
3.529400e+01 0.000000e+00 2.170702e+01 1.358697e+01
3.430741e+01 0.000000e+00 1.927042e+01 1.503699e+01
2.918218e+01 0.000000e+00 1.785262e+01 1.132956e+01
1.039227e+01 0.000000e+00 2.716214e+01 -1.676987e+01
4.117326e+01 0.000000e+00 2.218814e+01 1.898513e+01
5.254107e+01 0.000000e+00 2.374328e+01 2.879778e+01
3.578031e+01 0.000000e+00 2.248460e+01 1.329571e+01
3.298638e+01 0.000000e+00 2.210979e+01 1.087659e+01
