1.864718e+02 0.000000e+00 1.119894e+02 7.448241e+01
1.102359e+02 0.000000e+00 9.639554e+01 1.384033e+01
8.698660e+01 0.000000e+00 9.342553e+01 -6.438929e+00
2.463275e+02 0.000000e+00 9.533031e+01 1.509972e+02
2.188731e+01 4.869257e+01 4.862345e+01 2.195643e+01
1.238357e+02 4.869257e+01 4.807933e+01 1.244489e+02
5.872188e+01 4.869257e+01 5.041243e+01 5.700202e+01
4.051295e+01 0.000000e+00 1.009519e+02 -6.043893e+01
1.791806e+02 4.869257e+01 4.156031e+01 1.863128e+02
4.920208e+01 4.869257e+01 7.053366e+01 2.736098e+01
2.035765e+02 0.000000e+00 9.789502e+01 1.056815e+02
3.615093e+01 4.869257e+01 5.487895e+01 2.996455e+01
2.180702e+02 0.000000e+00 1.085911e+02 1.094792e+02
1.003214e+02 0.000000e+00 9.945240e+01 8.689983e-01
2.146511e+02 4.869257e+01 5.090458e+01 2.124391e+02
2.030079e+02 0.000000e+00 9.270771e+01 1.103002e+02
7.857517e+01 0.000000e+00 9.181025e+01 -1.323508e+01
6.885607e+01 0.000000e+00 9.930765e+01 -3.045157e+01
1.564977e+02 0.000000e+00 9.708441e+01 5.941326e+01
1.660128e+02 0.000000e+00 9.313603e+01 7.287679e+01
3.393456e+01 0.000000e+00 9.345448e+01 -5.951992e+01
1.950296e+02 0.000000e+00 9.990967e+01 9.511997e+01
7.763496e+01 0.000000e+00 9.648239e+01 -1.884743e+01
1.072733e+02 0.000000e+00 8.866654e+01 1.860678e+01
7.144415e+01 0.000000e+00 9.451971e+01 -2.307556e+01
1.368651e+02 0.000000e+00 1.046350e+02 3.223011e+01
1.399457e+02 0.000000e+00 9.169273e+01 4.825301e+01
2.352020e+02 0.000000e+00 9.549636e+01 1.397057e+02
6.460883e+01 0.000000e+00 9.010640e+01 -2.549756e+01
1.123308e+02 4.869257e+01 5.712347e+01 1.038999e+02
1.703625e+02 0.000000e+00 9.272900e+01 7.763350e+01
2.593495e+01 4.869257e+01 4.507271e+01 2.955481e+01
2.075353e+01 0.000000e+00 8.725219e+01 -6.649866e+01
1.204503e+02 4.869257e+01 4.657219e+01 1.225706e+02
7.465231e+01 0.000000e+00 1.029618e+02 -2.830953e+01
-2.650201e+01 0.000000e+00 8.583956e+01 -1.123416e+02
2.004532e+02 0.000000e+00 9.140322e+01 1.090500e+02
1.066848e+02 4.869257e+01 4.259486e+01 1.127825e+02
1.585449e+02 0.000000e+00 9.555426e+01 6.299068e+01
-1.177902e+00 4.869257e+01 5.006033e+01 -2.545669e+00
6.853442e+01 0.000000e+00 9.635893e+01 -2.782450e+01
1.709740e+02 0.000000e+00 8.996164e+01 8.101235e+01
7.390797e+01 0.000000e+00 1.068234e+02 -3.291540e+01
9.088691e+01 4.869257e+01 4.253696e+01 9.704252e+01
8.394615e+01 0.000000e+00 9.290270e+01 -8.956550e+00
7.449014e+01 0.000000e+00 8.552111e+01 -1.103097e+01
2.079344e+02 0.000000e+00 9.673528e+01 1.111992e+02
2.682722e+01 4.869257e+01 4.426804e+01 3.125174e+01
7.465878e+01 0.000000e+00 1.003103e+02 -2.565150e+01
6.969013e+01 0.000000e+00 1.046640e+02 -3.497383e+01
6.264046e+01 4.869257e+01 4.827432e+01 6.305870e+01
9.202957e+01 0.000000e+00 9.304745e+01 -1.017882e+00
6.148314e+01 0.000000e+00 8.494804e+01 -2.346490e+01
1.929294e+02 0.000000e+00 9.789033e+01 9.503910e+01
1.286138e+02 0.000000e+00 1.006866e+02 2.792715e+01
5.847929e+01 0.000000e+00 9.108477e+01 -3.260548e+01
1.154463e+02 0.000000e+00 1.010340e+02 1.441224e+01
1.425865e+02 0.000000e+00 9.575691e+01 4.682961e+01
2.364885e+02 0.000000e+00 8.808581e+01 1.484027e+02
8.548636e+01 0.000000e+00 9.270005e+01 -7.213691e+00
8.836267e+01 0.000000e+00 1.056134e+02 -1.725072e+01
1.635107e+02 0.000000e+00 9.466273e+01 6.884801e+01
8.905513e+01 0.000000e+00 9.396793e+01 -4.912797e+00
9.598981e+01 0.000000e+00 9.131637e+01 4.673443e+00
1.361339e+02 4.869257e+01 4.752161e+01 1.373048e+02
1.858735e+02 0.000000e+00 1.024986e+02 8.337486e+01
3.327981e+01 4.869257e+01 6.614930e+01 1.582308e+01
1.115709e+02 0.000000e+00 8.583956e+01 2.573132e+01
7.200735e+01 0.000000e+00 9.719849e+01 -2.519113e+01
7.385679e+01 0.000000e+00 9.699583e+01 -2.313905e+01
1.342611e+02 0.000000e+00 9.762977e+01 3.663130e+01
