2.658436e+01 4.893507e+01 2.215729e+01 5.336214e+01
3.480311e-02 6.283022e+01 8.138904e+00 5.472612e+01
-6.255587e+00 6.524676e+01 5.800785e+00 5.319039e+01
7.591035e+01 6.403849e+01 6.807387e+00 1.331415e+02
3.226580e+00 6.162194e+01 1.186567e+01 5.298286e+01
7.292906e+00 6.283022e+01 1.033248e+01 5.979065e+01
1.252367e+01 6.041367e+01 1.291708e+01 6.002026e+01
-1.555701e+00 5.920540e+01 1.160687e+01 4.604283e+01
8.537745e+00 6.766331e+01 5.880318e+00 7.032074e+01
-6.817869e+00 4.289371e+01 3.041464e+01 5.661198e+00
6.526384e+00 6.162194e+01 9.302362e+00 5.884597e+01
6.459291e-01 5.618471e+01 1.729169e+01 3.953895e+01
2.181787e+01 5.255989e+01 1.824117e+01 5.613660e+01
1.563516e+01 6.041367e+01 1.044341e+01 6.560542e+01
9.247720e+01 6.041367e+01 1.272661e+01 1.401643e+02
5.938797e+01 6.645504e+01 4.334820e+00 1.215082e+02
3.350754e+01 6.645504e+01 4.682144e+00 9.528043e+01
1.826389e+01 6.041367e+01 1.049943e+01 6.817813e+01
7.007698e+01 6.162194e+01 9.616073e+00 1.220829e+02
9.711319e+00 6.524676e+01 5.912825e+00 6.904526e+01
-3.329202e+01 6.524676e+01 5.789581e+00 2.616516e+01
2.438188e+01 5.920540e+01 1.201021e+01 7.157706e+01
3.201625e+01 6.283022e+01 8.105292e+00 8.674118e+01
-1.911347e+00 6.887158e+01 2.411249e+00 6.454899e+01
1.969721e+01 6.403849e+01 7.121099e+00 7.661460e+01
8.506755e+00 5.255989e+01 1.331020e+01 4.775645e+01
2.205508e+01 6.403849e+01 1.753177e+00 8.434039e+01
1.308371e+01 6.041367e+01 5.512445e+00 6.798494e+01
1.449478e-02 6.524676e+01 6.233311e-01 6.463793e+01
1.507718e+01 5.135162e+01 1.693613e+01 4.949267e+01
2.021239e+00 6.283022e+01 3.095898e+00 6.175556e+01
3.485285e+01 6.162194e+01 6.777843e+00 8.969695e+01
-2.365626e+00 6.766331e+01 -1.759604e+00 6.705729e+01
1.959923e+01 6.041367e+01 7.941300e+00 7.207160e+01
2.242775e+00 5.376817e+01 1.221397e+01 4.379697e+01
-1.082818e+01 6.887158e+01 -2.956673e+00 6.100008e+01
-1.335547e-01 6.403849e+01 1.865217e+00 6.203972e+01
3.535797e+01 6.403849e+01 4.249256e+00 9.514721e+01
6.887460e+00 6.041367e+01 5.490037e+00 6.181109e+01
1.004346e+01 5.739299e+01 1.095078e+01 5.648567e+01
2.637892e+00 5.920540e+01 6.922390e+00 5.492090e+01
1.213281e+01 6.524676e+01 6.793511e-01 7.670022e+01
2.471755e+01 5.014335e+01 1.595083e+01 5.891007e+01
3.568642e+01 6.403849e+01 4.271664e+00 9.545324e+01
3.347327e+01 6.283022e+01 3.028674e+00 9.327481e+01
6.463104e+01 6.887158e+01 -2.833429e+00 1.363361e+02
6.072228e+00 5.920540e+01 6.776738e+00 5.850089e+01
4.525124e+00 6.283022e+01 5.345490e+00 6.200985e+01
-7.323502e+00 5.618471e+01 9.752606e+00 3.910861e+01
2.324736e+01 5.255989e+01 1.329900e+01 6.250826e+01
6.599154e+01 5.920540e+01 9.026330e+00 1.161706e+02
1.251358e+01 6.283022e+01 2.972654e+00 7.237114e+01
1.665798e+01 7.007986e+01 -4.355414e+00 9.109326e+01
3.660916e+01 5.860126e+01 7.201611e+00 8.800881e+01
1.327980e+01 5.618471e+01 9.606954e+00 5.985756e+01
8.235780e+00 6.403849e+01 1.988460e+00 7.028581e+01
1.391584e+01 5.618471e+01 9.472506e+00 6.062805e+01
3.498898e+01 6.041367e+01 5.411609e+00 8.999104e+01
7.562836e+00 6.645504e+01 -3.384544e-01 7.435633e+01
1.992568e+01 6.283022e+01 3.107102e+00 7.964879e+01
8.104445e+00 5.135162e+01 1.467533e+01 4.478073e+01
3.049969e+01 6.162194e+01 4.091295e+00 8.803034e+01
8.589576e-01 6.162194e+01 4.360191e+00 5.812071e+01
4.955201e-01 6.403849e+01 1.898828e+00 6.263518e+01
7.412275e+01 5.920540e+01 9.317634e+00 1.240105e+02
3.496537e+01 5.376817e+01 1.239323e+01 7.634031e+01
1.135631e+01 4.410198e+01 2.390567e+01 3.155263e+01
8.787225e+00 6.887158e+01 -2.956673e+00 8.061548e+01
3.278775e+01 5.920540e+01 6.597474e+00 8.539567e+01
8.814719e+01 5.920540e+01 6.675902e+00 1.406767e+02
7.113036e+01 5.860126e+01 7.302447e+00 1.224292e+02
