4.573874e+01 0.000000e+00 1.631096e+01 2.942777e+01
9.632193e+00 0.000000e+00 1.865923e+01 -9.027037e+00
8.231548e+00 0.000000e+00 1.853769e+01 -1.030614e+01
6.609215e+01 0.000000e+00 1.946058e+01 4.663157e+01
4.126182e+01 1.497276e+01 3.253336e+01 2.370122e+01
5.254274e+01 1.497276e+01 3.440493e+01 3.311057e+01
6.390752e+01 1.497276e+01 3.321843e+01 4.566185e+01
3.946204e+01 0.000000e+00 1.904964e+01 2.041239e+01
4.561171e+01 1.497276e+01 3.297271e+01 2.761177e+01
1.361153e+01 1.497276e+01 3.120112e+01 -2.616828e+00
3.359098e+01 0.000000e+00 1.874973e+01 1.484125e+01
3.913096e+01 1.497276e+01 3.192985e+01 2.217387e+01
1.322206e+01 0.000000e+00 1.829881e+01 -5.076750e+00
6.159037e+00 0.000000e+00 1.895914e+01 -1.280011e+01
2.691683e+01 1.497276e+01 3.422919e+01 7.660402e+00
3.742380e+01 0.000000e+00 2.005251e+01 1.737129e+01
3.314982e+01 0.000000e+00 1.820936e+01 1.494046e+01
2.823464e+01 0.000000e+00 1.866186e+01 9.572777e+00
3.545614e+01 0.000000e+00 1.708495e+01 1.837119e+01
1.147774e+01 0.000000e+00 1.794312e+01 -6.465385e+00
1.593278e+01 0.000000e+00 1.859714e+01 -2.664365e+00
2.503775e+01 0.000000e+00 1.690921e+01 8.128538e+00
4.027034e+01 0.000000e+00 1.883760e+01 2.143273e+01
3.182408e+01 0.000000e+00 1.773108e+01 1.409301e+01
8.676005e+00 0.000000e+00 1.779580e+01 -9.119791e+00
1.357028e+01 0.000000e+00 1.349981e+01 7.047201e-02
4.543177e+01 0.000000e+00 1.531560e+01 3.011616e+01
3.257352e+01 0.000000e+00 1.416014e+01 1.841337e+01
2.656809e+01 0.000000e+00 1.504673e+01 1.152136e+01
2.776976e+01 1.497276e+01 2.790905e+01 1.483347e+01
2.661165e+01 0.000000e+00 1.445480e+01 1.215685e+01
4.184757e+01 1.497276e+01 2.856675e+01 2.825358e+01
-5.139079e-01 0.000000e+00 1.516301e+01 -1.567692e+01
2.966280e+01 1.497276e+01 2.865725e+01 1.597831e+01
2.654112e+01 0.000000e+00 1.305257e+01 1.348855e+01
2.101726e+01 0.000000e+00 1.525088e+01 5.766373e+00
-4.811780e+00 0.000000e+00 1.472104e+01 -1.953281e+01
4.081142e+01 1.497276e+01 2.945597e+01 2.632821e+01
3.855664e+01 0.000000e+00 1.427906e+01 2.427758e+01
1.411811e+01 1.497276e+01 2.834840e+01 7.424707e-01
1.819787e+01 0.000000e+00 1.294260e+01 5.255265e+00
1.834646e+01 0.000000e+00 1.474945e+01 3.597009e+00
4.762183e+00 0.000000e+00 1.201603e+01 -7.253845e+00
3.626611e+01 1.497276e+01 2.933706e+01 2.190181e+01
2.234323e+01 0.000000e+00 1.481154e+01 7.531700e+00
2.247613e+00 0.000000e+00 1.459686e+01 -1.234925e+01
1.721283e+01 0.000000e+00 1.371554e+01 3.497298e+00
3.241191e+01 1.497276e+01 2.990321e+01 1.748146e+01
2.260991e+01 0.000000e+00 1.358505e+01 9.024861e+00
7.554848e+00 0.000000e+00 1.355927e+01 -6.004418e+00
2.330238e+01 1.497276e+01 2.916395e+01 9.111194e+00
3.009848e+01 0.000000e+00 1.510882e+01 1.498966e+01
1.979318e+01 0.000000e+00 1.640897e+01 3.384210e+00
1.493074e+01 0.000000e+00 1.459318e+01 3.375602e-01
2.562781e+01 0.000000e+00 1.435798e+01 1.126983e+01
2.504702e+01 0.000000e+00 1.406701e+01 1.098001e+01
3.579032e+01 0.000000e+00 1.507146e+01 2.071886e+01
2.654307e+01 0.000000e+00 1.469525e+01 1.184782e+01
1.837900e+01 0.000000e+00 1.388601e+01 4.492986e+00
1.788676e+01 0.000000e+00 1.439534e+01 3.491418e+00
1.264498e+01 0.000000e+00 1.252009e+01 1.248866e-01
1.872082e+01 0.000000e+00 1.543714e+01 3.283674e+00
1.592402e+01 0.000000e+00 1.401019e+01 1.913834e+00
3.618276e+01 0.000000e+00 1.454267e+01 2.164009e+01
5.450025e+01 1.497276e+01 2.761808e+01 4.185493e+01
2.279759e+01 0.000000e+00 1.210127e+01 1.069632e+01
-5.947774e+00 1.497276e+01 2.851151e+01 -1.948652e+01
2.007988e+01 0.000000e+00 1.525088e+01 4.828996e+00
1.841273e+01 0.000000e+00 1.466684e+01 3.745893e+00
3.618865e+01 0.000000e+00 1.425065e+01 2.193800e+01
3.694150e+01 0.000000e+00 1.405807e+01 2.288343e+01
