3.270854e+01 1.608795e+01 2.376654e+01 2.502995e+01
1.480855e+01 1.608795e+01 2.471401e+01 6.182479e+00
1.314094e+01 1.608795e+01 2.229793e+01 6.930957e+00
1.647761e+01 1.608795e+01 2.770460e+01 4.860964e+00
3.463131e+01 1.608795e+01 2.069289e+01 3.002637e+01
4.175249e+01 1.608795e+01 2.889556e+01 2.894488e+01
2.628242e+01 1.608795e+01 2.494131e+01 1.742906e+01
3.057729e+01 1.608795e+01 2.935161e+01 1.731363e+01
2.561531e+01 1.608795e+01 1.827218e+01 2.343108e+01
9.696366e+00 1.608795e+01 2.834187e+01 -2.557555e+00
4.105795e+01 1.608795e+01 2.606684e+01 3.107906e+01
2.178030e+01 1.608795e+01 2.185806e+01 1.601018e+01
8.843595e+01 1.608795e+01 3.071136e+01 7.381253e+01
3.483121e+01 1.608795e+01 2.799878e+01 2.292038e+01
1.414585e+01 1.608795e+01 2.986384e+01 3.699540e-01
1.298687e+02 1.608795e+01 2.876324e+01 1.171934e+02
1.914248e+01 1.608795e+01 1.978686e+01 1.544356e+01
3.431835e+00 1.608795e+01 2.655098e+01 -7.031197e+00
1.593931e+01 1.608795e+01 1.795915e+01 1.406811e+01
2.500447e+01 1.608795e+01 1.940232e+01 2.169010e+01
4.121796e+01 1.608795e+01 2.258749e+01 3.471842e+01
6.817704e-01 1.608795e+01 1.892743e+01 -2.157712e+00
6.217238e+00 1.608795e+01 2.558270e+01 -3.277510e+00
1.177511e+01 1.608795e+01 1.563341e+01 1.222965e+01
2.609745e+01 1.608795e+01 1.959691e+01 2.258849e+01
8.604575e+00 0.000000e+00 9.700890e+00 -1.096315e+00
3.612239e+01 0.000000e+00 9.879287e+00 2.624311e+01
5.957237e+00 0.000000e+00 6.988307e+00 -1.031070e+00
1.678702e+01 0.000000e+00 7.657783e+00 9.129239e+00
1.952749e+01 0.000000e+00 8.285806e+00 1.124168e+01
2.982111e+01 0.000000e+00 6.599144e+00 2.322197e+01
2.420162e+01 0.000000e+00 3.736258e+00 2.046536e+01
1.023209e+01 0.000000e+00 6.399938e+00 3.832149e+00
1.013136e+01 0.000000e+00 5.089081e+00 5.042274e+00
2.515767e+00 0.000000e+00 6.610704e+00 -4.094937e+00
1.448425e+01 0.000000e+00 5.915796e+00 8.568455e+00
2.063864e+01 0.000000e+00 6.983683e+00 1.365496e+01
1.684401e+01 0.000000e+00 6.242699e+00 1.060131e+01
2.260080e+01 0.000000e+00 7.567428e+00 1.503338e+01
-5.558739e-01 0.000000e+00 5.865096e+00 -6.420969e+00
8.303269e+00 0.000000e+00 1.970801e+00 6.332468e+00
-7.875505e+00 0.000000e+00 6.209981e+00 -1.408549e+01
5.393534e+00 0.000000e+00 4.298845e+00 1.094689e+00
9.827637e+00 0.000000e+00 5.663578e+00 4.164059e+00
-6.807347e+00 0.000000e+00 8.336506e+00 -1.514385e+01
1.643738e+01 0.000000e+00 2.730631e+00 1.370675e+01
1.959899e+01 0.000000e+00 5.735087e+00 1.386390e+01
9.086941e-01 0.000000e+00 9.332884e+00 -8.424190e+00
2.239641e+00 0.000000e+00 7.379783e+00 -5.140141e+00
2.641083e+01 0.000000e+00 9.990450e+00 1.642038e+01
2.912221e+01 0.000000e+00 8.468827e+00 2.065338e+01
1.171553e+01 0.000000e+00 9.784308e+00 1.931226e+00
1.495511e+01 0.000000e+00 1.064374e+01 4.311373e+00
1.184767e+01 0.000000e+00 1.046534e+01 1.382329e+00
8.915028e+00 0.000000e+00 1.114407e+01 -2.229040e+00
9.981092e+01 0.000000e+00 3.798519e+00 9.601240e+01
6.510765e+00 0.000000e+00 1.461879e+01 -8.108028e+00
1.882220e+01 0.000000e+00 9.594351e+00 9.227852e+00
5.120095e-02 0.000000e+00 1.092872e+00 -1.041671e+00
2.231271e-01 0.000000e+00 6.309583e+00 -6.086456e+00
1.215624e+01 0.000000e+00 5.841626e+00 6.314615e+00
2.964611e+01 0.000000e+00 1.229537e+01 1.735074e+01
4.400065e+01 0.000000e+00 5.345923e+00 3.865473e+01
2.715689e+01 0.000000e+00 6.115002e+00 2.104189e+01
7.016522e+01 0.000000e+00 9.402566e-01 6.922497e+01
9.039594e+00 0.000000e+00 1.977738e+00 7.061856e+00
2.057174e+01 0.000000e+00 1.669231e+01 3.879431e+00
2.069970e+01 0.000000e+00 5.915796e+00 1.478390e+01
9.604762e+01 0.000000e+00 1.036805e+01 8.567957e+01
2.592129e+01 0.000000e+00 8.341130e+00 1.758016e+01
2.498108e+01 0.000000e+00 7.859300e+00 1.712178e+01
