3.802405e+01 2.490504e+01 2.679565e+01 3.613344e+01
2.232327e+01 1.907620e+01 2.958434e+01 1.181513e+01
1.684436e+01 2.278546e+01 2.534635e+01 1.428347e+01
6.877526e+01 1.324736e+01 3.514881e+01 4.687380e+01
2.459003e+01 2.755451e+01 2.127949e+01 3.086505e+01
8.136959e+01 1.218757e+01 3.638206e+01 5.717510e+01
3.406868e+01 2.013599e+01 2.896237e+01 2.524229e+01
4.603964e+01 1.165768e+01 3.779594e+01 1.990137e+01
3.463282e+01 3.020398e+01 1.730821e+01 4.752859e+01
2.053968e+01 1.907620e+01 3.385540e+01 5.760473e+00
3.555286e+01 1.695662e+01 3.196828e+01 2.054120e+01
4.463521e+01 2.702462e+01 2.299901e+01 4.866082e+01
6.408330e+01 1.112778e+01 3.977983e+01 3.543126e+01
1.236395e+01 1.377725e+01 3.541200e+01 -9.270799e+00
4.530657e+01 1.112778e+01 3.797058e+01 1.846378e+01
5.750964e+01 1.059789e+01 3.726956e+01 3.083796e+01
2.466343e+01 2.702462e+01 2.084284e+01 3.084520e+01
4.481601e+01 1.642673e+01 3.276253e+01 2.848020e+01
3.036527e+01 3.179366e+01 1.713123e+01 4.502771e+01
2.024049e+01 2.808440e+01 2.004741e+01 2.827748e+01
1.934897e+01 2.225557e+01 2.587625e+01 1.572829e+01
1.923621e+01 3.073388e+01 1.871974e+01 3.125034e+01
3.719671e+01 1.748652e+01 3.117402e+01 2.350921e+01
2.069485e+01 3.391324e+01 1.342548e+01 4.118261e+01
1.789575e+01 2.808440e+01 2.031177e+01 2.566839e+01
2.376028e+01 2.013599e+01 2.537609e+01 1.852018e+01
3.851935e+01 1.642673e+01 2.657392e+01 2.837216e+01
3.458868e+01 2.278546e+01 2.100827e+01 3.636587e+01
3.310654e+01 2.013599e+01 2.260030e+01 3.064224e+01
2.645628e+01 2.384525e+01 2.184029e+01 2.846123e+01
1.789232e+01 2.278546e+01 2.047955e+01 2.019823e+01
1.316079e+01 2.914419e+01 1.429428e+01 2.801070e+01
-2.553492e+00 2.172567e+01 2.048189e+01 -1.309711e+00
2.118041e+01 2.702462e+01 1.667822e+01 3.152681e+01
2.383423e+01 2.543493e+01 1.981279e+01 2.945638e+01
2.417425e+01 2.225557e+01 1.968763e+01 2.674218e+01
2.341889e+01 2.172567e+01 2.127497e+01 2.386959e+01
3.796570e+01 2.384525e+01 1.906450e+01 4.274645e+01
5.364461e+01 2.172567e+01 2.206806e+01 5.330222e+01
2.795314e+00 2.649472e+01 1.786901e+01 1.142102e+01
2.463410e+01 3.232356e+01 1.173453e+01 4.522313e+01
2.495893e+01 2.278546e+01 1.995082e+01 2.779357e+01
3.154178e+00 3.073388e+01 1.530693e+01 1.858113e+01
2.785210e+01 2.490504e+01 1.800471e+01 3.475243e+01
3.869355e+01 1.960609e+01 2.365891e+01 3.464072e+01
1.500094e+01 2.808440e+01 1.385880e+01 2.922655e+01
2.586077e+01 2.543493e+01 1.862316e+01 3.267254e+01
6.257900e+00 1.854630e+01 2.462780e+01 1.763999e-01
3.360237e+01 2.331535e+01 2.140364e+01 3.551408e+01
2.093764e+01 1.960609e+01 2.590599e+01 1.463774e+01
2.313162e+01 2.119578e+01 2.277142e+01 2.155598e+01
3.870698e+01 1.695662e+01 2.630839e+01 2.935522e+01
2.429039e+01 1.324736e+01 2.843148e+01 9.106270e+00
4.333160e+01 1.695662e+01 2.723365e+01 3.305457e+01
5.108579e+01 1.642673e+01 2.829227e+01 3.922025e+01
1.806536e+01 2.755451e+01 1.544614e+01 3.017374e+01
5.593994e+01 1.006799e+01 3.465100e+01 3.135693e+01
5.166658e+01 1.801641e+01 2.577732e+01 4.390567e+01
1.444786e+01 3.179366e+01 1.067826e+01 3.556326e+01
1.924357e+01 2.331535e+01 1.994965e+01 2.260927e+01
2.765958e+01 2.755451e+01 1.822193e+01 3.699216e+01
4.573570e+01 1.271747e+01 3.081190e+01 2.764127e+01
1.443153e+01 2.543493e+01 1.809444e+01 2.177203e+01
3.140851e+01 2.331535e+01 1.968529e+01 3.503857e+01
2.692543e+01 3.497303e+01 8.994162e+00 5.290430e+01
5.533086e+01 3.391324e+01 1.133448e+01 7.790962e+01
4.915676e+00 1.059789e+01 3.667382e+01 -2.116026e+01
2.557727e+01 2.225557e+01 1.968763e+01 2.814520e+01
4.102196e+01 1.695662e+01 2.710147e+01 3.087711e+01
2.312403e+01 2.066588e+01 2.339221e+01 2.039770e+01
2.669745e+01 2.172567e+01 2.246460e+01 2.595851e+01
