8.565846e+01 6.856127e+01 5.667811e+01 9.754162e+01
5.949017e+01 5.251502e+01 6.795055e+01 4.405463e+01
5.143880e+01 6.272627e+01 5.690907e+01 5.725601e+01
6.193372e+01 3.646876e+01 8.358169e+01 1.482078e+01
2.628913e+01 7.585503e+01 4.392651e+01 5.821764e+01
2.705826e+02 3.355126e+01 8.581516e+01 2.183187e+02
8.284911e+01 5.543252e+01 6.476414e+01 7.351750e+01
1.313767e+02 3.209251e+01 8.961840e+01 7.385080e+01
6.431079e+01 8.314878e+01 3.455719e+01 1.129024e+02
2.548827e+01 5.251502e+01 7.370080e+01 4.302496e+00
4.362030e+01 4.668002e+01 7.420067e+01 1.609964e+01
1.305618e+02 7.439627e+01 4.725328e+01 1.577048e+02
1.440370e+02 3.063376e+01 9.336028e+01 8.131048e+01
2.167438e+01 3.792751e+01 8.336829e+01 -2.376639e+01
8.400610e+01 3.063376e+01 8.956289e+01 2.507697e+01
1.984405e+02 2.917501e+01 9.004522e+01 1.375703e+02
4.257997e+01 7.439627e+01 4.482395e+01 7.215229e+01
1.211726e+02 4.522127e+01 7.607453e+01 9.031932e+01
4.311560e+01 8.752503e+01 3.335566e+01 9.728497e+01
1.127410e+01 7.731378e+01 4.232157e+01 4.626631e+01
1.644101e+02 6.126752e+01 5.836782e+01 1.673098e+02
7.889963e+01 8.460753e+01 3.710338e+01 1.264038e+02
7.734247e+01 4.813877e+01 7.232680e+01 5.315443e+01
5.493048e+01 9.336003e+01 2.502997e+01 1.232605e+02
7.413431e+01 7.731378e+01 4.273668e+01 1.087114e+02
9.823966e+01 5.543252e+01 6.143356e+01 9.223862e+01
7.047231e+01 4.522127e+01 6.770122e+01 4.799235e+01
5.544258e+01 6.272627e+01 5.144156e+01 6.672729e+01
4.500746e+01 5.543252e+01 5.707486e+01 4.336512e+01
7.365260e+01 6.564377e+01 5.053827e+01 8.875809e+01
-3.478789e+01 6.272627e+01 5.061133e+01 -2.267295e+01
2.092679e+01 8.023128e+01 3.242230e+01 6.873577e+01
-1.836676e+01 5.980877e+01 5.186838e+01 -1.042637e+01
5.876193e+01 7.439627e+01 3.867241e+01 9.448580e+01
1.797377e+01 7.002002e+01 4.643094e+01 4.156286e+01
3.762118e+01 6.126752e+01 4.999451e+01 4.889419e+01
1.054873e+02 5.980877e+01 5.311372e+01 1.121824e+02
1.056117e+02 6.564377e+01 4.617957e+01 1.250759e+02
8.302746e+01 5.980877e+01 5.435906e+01 8.847717e+01
-1.373802e+01 7.293752e+01 4.116895e+01 1.803056e+01
5.820013e+01 8.898378e+01 2.559917e+01 1.215847e+02
9.183738e+01 6.272627e+01 4.978110e+01 1.047825e+02
3.599998e+00 8.460753e+01 3.308878e+01 5.511875e+01
2.379600e+01 6.856127e+01 4.326207e+01 4.909521e+01
3.578227e+01 5.397377e+01 5.936383e+01 3.039220e+01
9.587433e+01 7.731378e+01 3.394826e+01 1.392398e+02
2.948708e+01 7.002002e+01 4.456292e+01 5.494418e+01
3.362649e+01 5.105627e+01 6.118219e+01 2.350057e+01
3.233165e+01 6.418502e+01 5.143571e+01 4.508096e+01
1.128181e+02 5.397377e+01 6.289231e+01 1.038996e+02
5.184904e+01 5.835002e+01 5.513378e+01 5.506527e+01
6.317869e+01 4.668002e+01 6.665759e+01 4.320112e+01
7.943072e+01 3.646876e+01 7.437815e+01 4.152133e+01
1.375819e+02 4.668002e+01 6.811049e+01 1.161514e+02
1.480012e+02 4.522127e+01 7.039947e+01 1.228230e+02
1.377290e+01 7.585503e+01 3.706746e+01 5.256047e+01
1.298729e+02 2.771626e+01 8.790447e+01 6.968467e+01
8.451363e+01 4.959752e+01 6.457032e+01 6.954083e+01
1.586524e+01 8.752503e+01 2.456723e+01 7.882304e+01
1.042444e+02 6.418502e+01 4.915258e+01 1.192768e+02
1.305516e+02 7.585503e+01 4.142616e+01 1.649805e+02
7.895863e+01 3.501001e+01 7.874271e+01 3.522593e+01
4.230265e+01 7.002002e+01 4.373269e+01 6.858998e+01
7.153181e+01 6.418502e+01 4.873747e+01 8.697937e+01
1.649660e+01 9.627753e+01 1.720627e+01 9.556786e+01
7.354214e+01 9.336003e+01 2.309093e+01 1.438112e+02
3.356056e+01 2.917501e+01 8.949772e+01 -2.676215e+01
1.926140e+01 6.126752e+01 4.999451e+01 3.053441e+01
8.929464e+01 4.668002e+01 6.790293e+01 6.807172e+01
5.420236e+01 5.689127e+01 5.769168e+01 5.340195e+01
3.423276e+01 5.980877e+01 5.498173e+01 3.905980e+01
