1.107846e+02 2.272522e+02 8.692856e+01 2.511083e+02
3.989437e+01 2.272522e+02 6.703665e+01 2.001099e+02
4.857962e+01 2.272522e+02 5.641238e+01 2.194195e+02
1.885381e+02 2.272522e+02 7.338045e+01 3.424099e+02
1.987890e+01 2.272522e+02 5.518298e+01 1.919481e+02
1.277582e+02 2.272522e+02 7.599621e+01 2.790142e+02
7.676122e+01 2.272522e+02 6.893563e+01 2.350778e+02
1.415050e+02 2.272522e+02 8.578657e+01 2.829706e+02
5.598162e+01 2.272522e+02 3.867051e+01 2.445633e+02
7.598946e+01 2.272522e+02 1.067736e+02 1.964681e+02
1.165402e+02 2.272522e+02 7.275072e+01 2.710417e+02
4.442776e+01 2.272522e+02 6.723071e+01 2.044493e+02
1.088771e+02 2.272522e+02 1.003329e+02 2.357964e+02
1.749146e+01 2.272522e+02 8.007250e+01 1.646712e+02
1.175396e+02 2.272522e+02 8.260120e+01 2.621906e+02
1.009440e+02 2.272522e+02 7.240246e+01 2.557938e+02
4.804685e+00 2.272522e+02 4.748288e+01 1.845740e+02
1.660253e+02 2.272522e+02 7.605322e+01 3.172243e+02
1.095845e+02 2.272522e+02 5.024271e+01 2.865940e+02
7.215472e+01 2.272522e+02 4.837380e+01 2.510331e+02
9.988002e+01 2.272522e+02 5.721623e+01 2.699160e+02
7.078699e+01 2.272522e+02 5.684771e+01 2.411915e+02
1.024184e+02 2.272522e+02 6.944823e+01 2.602223e+02
1.964462e+01 2.272522e+02 3.203546e+01 2.148614e+02
1.280892e+02 2.272522e+02 5.087244e+01 3.044689e+02
3.370250e+01 2.272522e+02 8.801488e+01 1.729398e+02
5.606521e+01 2.272522e+02 6.990482e+01 2.134126e+02
1.167667e+02 2.272522e+02 6.775445e+01 2.762645e+02
8.267250e+01 2.272522e+02 6.177918e+01 2.481455e+02
1.702986e+02 2.272522e+02 8.339593e+01 3.141549e+02
1.152828e+02 2.272522e+02 6.275717e+01 2.797779e+02
6.479317e+01 2.272522e+02 5.411893e+01 2.379264e+02
-1.461176e+01 2.272522e+02 5.437034e+01 1.582701e+02
8.763432e+01 2.272522e+02 5.983300e+01 2.550535e+02
6.949795e+01 2.272522e+02 7.747767e+01 2.192725e+02
3.777334e+01 2.272522e+02 5.106784e+01 2.139577e+02
8.160729e+00 2.272522e+02 6.186625e+01 1.735467e+02
6.661842e+01 2.272522e+02 5.716023e+01 2.367104e+02
2.226982e+02 2.272522e+02 6.936216e+01 3.805883e+02
6.217804e+01 2.272522e+02 6.688345e+01 2.225468e+02
1.008304e+02 2.272522e+02 5.578365e+01 2.722989e+02
8.540721e+01 2.272522e+02 5.775990e+01 2.548995e+02
4.769874e+01 2.272522e+02 7.693501e+01 1.980159e+02
5.914336e+01 2.272522e+02 5.555252e+01 2.308431e+02
6.341395e+01 2.272522e+02 6.758032e+01 2.230858e+02
1.498927e+01 2.272522e+02 4.222541e+01 2.000161e+02
4.910894e+01 2.272522e+02 6.623380e+01 2.101273e+02
3.805198e+01 2.272522e+02 6.769744e+01 1.976068e+02
1.436612e+02 2.272522e+02 7.569582e+01 2.952176e+02
1.362322e+01 2.272522e+02 8.881874e+01 1.520567e+02
1.160287e+02 2.272522e+02 7.117407e+01 2.721068e+02
1.144855e+02 2.272522e+02 7.159960e+01 2.701382e+02
6.154789e+01 2.272522e+02 6.223478e+01 2.265653e+02
1.232060e+02 2.272522e+02 8.034484e+01 2.701133e+02
6.729536e+01 2.272522e+02 8.614597e+01 2.084016e+02
7.307587e+01 2.272522e+02 5.302382e+01 2.473043e+02
1.531933e+02 2.272522e+02 9.579226e+01 2.846533e+02
1.065511e+02 2.272522e+02 7.498917e+01 2.588142e+02
6.520302e+01 2.272522e+02 4.159568e+01 2.508595e+02
5.047021e+01 2.272522e+02 6.195332e+01 2.157691e+02
1.014123e+02 2.272522e+02 7.925952e+01 2.494050e+02
1.617838e+02 2.272522e+02 8.052910e+01 3.085069e+02
2.606500e+01 2.272522e+02 6.123652e+01 1.920807e+02
5.951504e+01 2.272522e+02 5.945468e+01 2.273126e+02
6.025571e+01 2.272522e+02 5.027378e+01 2.372341e+02
1.305945e+02 2.272522e+02 6.461595e+01 2.932307e+02
2.774936e+01 2.272522e+02 1.184842e+02 1.365174e+02
8.370435e+01 2.272522e+02 5.106784e+01 2.598887e+02
1.669222e+02 2.272522e+02 7.909552e+01 3.150789e+02
1.005478e+02 2.272522e+02 7.346852e+01 2.543314e+02
1.147524e+02 2.272522e+02 7.311012e+01 2.688945e+02
