8.428295e+01 3.465342e+01 3.873304e+01 8.020332e+01
1.508947e+01 3.465342e+01 3.409916e+01 1.564372e+01
5.483288e+00 3.465342e+01 2.969821e+01 1.043849e+01
2.521308e+02 3.465342e+01 3.774723e+01 2.490370e+02
2.750421e+01 3.465342e+01 1.377802e+01 4.837960e+01
3.221332e+01 3.465342e+01 2.468634e+01 4.218039e+01
1.086545e+01 3.465342e+01 2.021364e+01 2.530522e+01
6.751910e+01 3.465342e+01 4.211230e+01 6.006022e+01
1.734447e+02 3.465342e+01 7.817500e+00 2.002806e+02
1.545555e+01 3.465342e+01 3.245732e+01 1.765165e+01
1.809595e+01 3.465342e+01 3.650131e+01 1.624806e+01
8.439022e+01 3.465342e+01 1.773078e+01 1.013129e+02
1.531733e+02 3.465342e+01 4.685381e+01 1.409729e+02
3.904515e+01 3.465342e+01 3.971015e+01 3.398842e+01
6.091400e+01 3.465342e+01 2.707055e+01 6.849687e+01
1.585059e+02 3.465342e+01 3.818645e+01 1.549729e+02
-1.128402e+01 3.465342e+01 2.568268e+01 -2.313279e+00
7.855607e+01 3.465342e+01 3.769341e+01 7.551607e+01
9.440203e+01 3.465342e+01 2.520758e+01 1.038479e+02
1.413752e+02 3.465342e+01 2.566474e+01 1.503639e+02
5.979819e+01 3.465342e+01 3.010156e+01 6.435004e+01
1.626625e+02 3.465342e+01 2.759179e+01 1.697241e+02
1.464349e+01 3.465342e+01 3.530920e+01 1.398770e+01
3.088861e-01 3.465342e+01 1.886165e+01 1.610066e+01
4.849279e+01 3.465342e+01 2.645350e+01 5.669271e+01
1.825149e+01 0.000000e+00 7.465032e+01 -5.639883e+01
7.107425e+01 0.000000e+00 6.998056e+01 1.093692e+00
1.058327e+02 0.000000e+00 6.750666e+01 3.832602e+01
7.980865e+01 0.000000e+00 6.636837e+01 1.344028e+01
1.813477e+02 0.000000e+00 5.795931e+01 1.233884e+02
1.118996e+02 0.000000e+00 6.592914e+01 4.597043e+01
-3.025598e+01 0.000000e+00 4.722140e+01 -7.747738e+01
-1.153166e+01 0.000000e+00 6.358081e+01 -7.511247e+01
7.298336e+01 0.000000e+00 4.962354e+01 2.335982e+01
4.471516e+01 0.000000e+00 6.982808e+01 -2.511293e+01
-3.806108e+00 0.000000e+00 6.238871e+01 -6.619481e+01
2.012710e+02 0.000000e+00 6.594708e+01 1.353240e+02
2.366531e+02 0.000000e+00 4.967736e+01 1.869757e+02
1.577665e+02 0.000000e+00 6.831335e+01 8.945317e+01
2.182933e+01 0.000000e+00 5.199878e+01 -3.016945e+01
1.411744e+02 0.000000e+00 6.103516e+01 8.013926e+01
3.222867e+02 0.000000e+00 6.435163e+01 2.579351e+02
8.859147e+01 0.000000e+00 6.816088e+01 2.043059e+01
7.132758e+01 0.000000e+00 4.887066e+01 2.245691e+01
1.499917e+02 0.000000e+00 6.834923e+01 8.164248e+01
6.963952e+01 0.000000e+00 5.795188e+01 1.168763e+01
1.735222e+02 0.000000e+00 6.627868e+01 1.072435e+02
-2.781613e+01 0.000000e+00 5.449959e+01 -8.231572e+01
8.352727e+01 0.000000e+00 6.986396e+01 1.366331e+01
-3.236132e+01 0.000000e+00 7.505366e+01 -1.074150e+02
9.354493e+01 0.000000e+00 5.484912e+01 3.869581e+01
1.488703e+02 0.000000e+00 7.036597e+01 7.850436e+01
1.190208e+02 0.000000e+00 6.845686e+01 5.056397e+01
1.743478e+02 0.000000e+00 7.312662e+01 1.012211e+02
6.143266e+01 0.000000e+00 7.510748e+01 -1.367482e+01
7.146720e+01 0.000000e+00 6.151026e+01 9.956941e+00
8.721338e+01 0.000000e+00 7.994765e+01 7.265731e+00
1.453366e+02 0.000000e+00 7.113679e+01 7.419982e+01
5.562334e+01 0.000000e+00 5.670597e+01 -1.082629e+00
9.388236e+01 0.000000e+00 6.552580e+01 2.835657e+01
3.584932e+01 0.000000e+00 6.979221e+01 -3.394289e+01
2.336368e+02 0.000000e+00 7.438150e+01 1.592553e+02
5.818379e+01 0.000000e+00 6.470116e+01 -6.517372e+00
5.039839e+01 0.000000e+00 6.473704e+01 -1.433865e+01
6.322288e+01 0.000000e+00 4.436209e+01 1.886079e+01
1.357834e+02 0.000000e+00 6.337452e+01 7.240885e+01
7.218340e+00 0.000000e+00 7.277554e+01 -6.555719e+01
4.723299e+00 0.000000e+00 6.238871e+01 -5.766541e+01
1.030962e+02 0.000000e+00 7.273224e+01 3.036399e+01
5.272441e+01 0.000000e+00 6.990881e+01 -1.718439e+01
1.754214e+02 0.000000e+00 6.949649e+01 1.059249e+02
