8.566730e+01 6.841030e+01 4.676211e+00 1.494014e+02
6.466903e+01 6.841030e+01 1.858541e+01 1.144939e+02
1.246073e+01 6.841030e+01 2.342027e+01 5.745076e+01
9.450805e+00 6.841030e+01 1.707264e+01 6.078846e+01
2.252078e+01 6.841030e+01 3.609473e+01 5.483635e+01
4.203497e+00 6.841030e+01 2.970310e+01 4.291070e+01
4.486572e+01 6.841030e+01 3.083130e+01 8.244472e+01
8.241691e+00 6.841030e+01 1.038446e+01 6.626753e+01
3.691848e+01 6.841030e+01 4.479377e+01 6.053502e+01
7.469669e+01 6.841030e+01 8.992194e+00 1.341148e+02
2.612257e+01 6.841030e+01 1.603246e+01 7.850041e+01
3.340656e+01 6.841030e+01 2.921427e+01 7.260260e+01
5.376445e+01 6.841030e+01 2.035238e+00 1.201395e+02
3.858381e+01 6.841030e+01 1.293741e+01 9.405670e+01
2.645096e+01 6.841030e+01 2.622348e+01 6.863778e+01
1.360312e+01 6.841030e+01 1.865492e+01 6.335850e+01
1.642310e+02 6.841030e+01 2.705741e+01 2.055839e+02
5.136709e+01 6.841030e+01 1.429265e+01 1.054847e+02
4.002433e+01 6.841030e+01 2.362181e+01 8.481282e+01
7.631257e+00 6.841030e+01 2.613075e+01 4.991081e+01
1.235313e+02 6.841030e+01 2.314922e+01 1.687924e+02
1.000948e+01 6.841030e+01 2.014219e+01 5.827759e+01
1.182172e+02 6.841030e+01 1.777227e+01 1.688552e+02
2.243536e+01 6.841030e+01 3.351856e+01 5.732710e+01
5.477354e+00 6.841030e+01 2.466199e+01 4.922566e+01
2.637135e-01 6.841030e+01 5.780556e+00 6.289346e+01
2.489164e+01 6.841030e+01 1.783643e+01 7.546551e+01
6.204533e+01 6.841030e+01 1.668273e+01 1.137729e+02
6.745198e+01 6.841030e+01 2.120253e+01 1.146598e+02
3.249052e+01 6.841030e+01 2.085044e+01 8.005038e+01
2.430233e+01 6.841030e+01 1.962025e+01 7.309238e+01
1.216205e+02 6.841030e+01 3.604538e+01 1.539854e+02
6.134108e+00 6.841030e+01 2.495319e+01 4.959122e+01
2.208426e+01 6.841030e+01 3.349243e+01 5.700213e+01
8.594920e+00 6.841030e+01 9.959796e+00 6.704543e+01
-9.029083e+00 6.841030e+01 2.669300e+01 3.268822e+01
-2.229020e+01 6.841030e+01 2.054691e+01 2.557319e+01
7.793860e+01 6.841030e+01 3.627241e+01 1.100765e+02
1.827936e+01 6.841030e+01 1.614064e+01 7.054903e+01
8.927281e+00 6.841030e+01 2.954948e+01 4.778810e+01
4.101297e+00 6.841030e+01 2.009284e+01 5.241876e+01
1.060500e+02 6.841030e+01 2.255777e+01 1.519025e+02
4.265898e+00 6.841030e+01 8.263999e+00 6.441220e+01
1.300108e+01 6.841030e+01 3.681451e+01 4.459687e+01
-1.010333e+01 6.841030e+01 1.799396e+01 4.031301e+01
1.138363e+01 6.841030e+01 2.967453e+01 5.011940e+01
3.179892e+01 6.841030e+01 1.656921e+01 8.364000e+01
3.850683e+01 6.841030e+01 3.209317e+01 7.482396e+01
7.226717e+01 6.841030e+01 1.181312e+01 1.288643e+02
2.426476e+01 6.841030e+01 5.509508e+00 8.716555e+01
5.841964e+01 6.841030e+01 2.904214e+01 9.778780e+01
3.761430e+01 6.841030e+01 1.663872e+01 8.938588e+01
3.206805e+01 6.841030e+01 2.355394e+01 7.692441e+01
2.677911e+01 6.841030e+01 1.149806e+01 8.369135e+01
7.662542e+01 6.841030e+01 8.289497e+00 1.367462e+02
3.686823e+01 6.841030e+01 2.352844e+01 8.175009e+01
5.178635e+01 6.841030e+01 5.036920e+00 1.151597e+02
1.075381e+01 6.841030e+01 1.424330e+01 6.492082e+01
1.024086e+02 6.841030e+01 2.863435e+01 1.421846e+02
3.842965e+01 6.841030e+01 1.989130e+01 8.694865e+01
2.305799e+01 6.841030e+01 8.106470e+00 8.336182e+01
1.237738e+01 6.841030e+01 1.300158e+01 6.778610e+01
6.333579e+01 6.841030e+01 1.950673e+01 1.122394e+02
2.678750e+01 6.841030e+01 2.136006e+01 7.383775e+01
9.339542e+01 6.841030e+01 3.608939e+01 1.257163e+02
7.879993e+01 6.841030e+01 1.429657e+01 1.329137e+02
-2.483939e+01 6.841030e+01 5.261684e+00 3.830923e+01
2.699753e+01 6.841030e+01 2.669300e+01 6.871483e+01
1.141612e+01 6.841030e+01 1.223244e+01 6.759398e+01
1.240058e+02 6.841030e+01 1.412978e+01 1.782863e+02
3.875011e+01 6.841030e+01 1.393750e+01 9.322292e+01
