5.057353e+01 7.978846e+01 3.705703e+01 9.330495e+01
2.120968e+01 7.978846e+01 3.026947e+01 7.072867e+01
1.451350e+01 7.978846e+01 2.663978e+01 6.766218e+01
7.981017e+01 7.978846e+01 3.243914e+01 1.271595e+02
2.282332e+01 7.978846e+01 2.407527e+01 7.853651e+01
6.665170e+01 7.978846e+01 3.119123e+01 1.152489e+02
3.509315e+01 7.978846e+01 2.877545e+01 8.610616e+01
4.009889e+01 7.978846e+01 3.667580e+01 8.321155e+01
4.121362e+01 7.978846e+01 1.843595e+01 1.025661e+02
1.743450e+01 7.978846e+01 4.169454e+01 5.552841e+01
4.901832e+01 7.978846e+01 3.222172e+01 9.658506e+01
4.890125e+01 7.978846e+01 2.818887e+01 1.005008e+02
6.973050e+01 7.978846e+01 4.164247e+01 1.078765e+02
2.081121e+01 7.978846e+01 3.472355e+01 6.587612e+01
5.056549e+01 7.978846e+01 3.344695e+01 9.690700e+01
5.664567e+01 7.978846e+01 3.210697e+01 1.043272e+02
2.434912e+01 7.978846e+01 2.358835e+01 8.054922e+01
4.903173e+01 7.978846e+01 3.334958e+01 9.547060e+01
4.268347e+01 7.978846e+01 2.452748e+01 9.794445e+01
2.677121e+01 7.978846e+01 2.389184e+01 8.266783e+01
1.985865e+01 7.978846e+01 2.691457e+01 7.273254e+01
3.529189e+01 7.978846e+01 2.678321e+01 8.829714e+01
3.772058e+01 7.978846e+01 3.109385e+01 8.641518e+01
2.413632e+01 7.978846e+01 1.830989e+01 8.561489e+01
2.786179e+01 7.978846e+01 2.474490e+01 8.290535e+01
2.754780e+01 7.978846e+01 3.223778e+01 7.509848e+01
4.032114e+01 7.978846e+01 2.605718e+01 9.405241e+01
4.234947e+01 7.978846e+01 2.531886e+01 9.681907e+01
3.114368e+01 7.978846e+01 2.328055e+01 8.765158e+01
3.908953e+01 7.978846e+01 2.851672e+01 9.036127e+01
2.273683e+01 7.978846e+01 2.361272e+01 7.891256e+01
1.893077e+01 7.978846e+01 1.851769e+01 8.020153e+01
-2.385232e+00 7.978846e+01 2.075003e+01 5.665319e+01
3.158367e+01 7.978846e+01 2.046994e+01 9.090219e+01
2.941002e+01 7.978846e+01 2.863677e+01 8.056171e+01
1.694117e+01 7.978846e+01 1.962217e+01 7.710745e+01
2.881371e+01 7.978846e+01 2.330924e+01 8.529292e+01
4.326621e+01 7.978846e+01 1.955950e+01 1.034952e+02
6.140311e+01 7.978846e+01 2.586845e+01 1.153231e+02
7.003335e+00 7.978846e+01 2.287741e+01 6.391439e+01
3.214473e+01 7.978846e+01 2.122564e+01 9.070755e+01
3.625923e+01 7.978846e+01 2.190658e+01 9.414111e+01
1.752024e+01 7.978846e+01 2.844804e+01 6.886067e+01
3.226792e+01 7.978846e+01 1.900991e+01 9.304646e+01
4.304635e+01 7.978846e+01 2.526149e+01 9.757332e+01
2.013471e+01 7.978846e+01 1.659944e+01 8.332373e+01
3.783284e+01 7.978846e+01 2.479796e+01 9.282334e+01
-3.206102e+00 7.978846e+01 2.316051e+01 5.342185e+01
3.910312e+01 7.978846e+01 2.802981e+01 9.086177e+01
2.678740e+01 7.978846e+01 3.251257e+01 7.406329e+01
3.074766e+01 7.978846e+01 2.434574e+01 8.619037e+01
4.390799e+01 7.978846e+01 2.663546e+01 9.706099e+01
2.036641e+01 7.978846e+01 2.344060e+01 7.671426e+01
5.057462e+01 7.978846e+01 2.962120e+01 1.007419e+02
5.366309e+01 7.978846e+01 3.160213e+01 1.018494e+02
1.836906e+01 7.978846e+01 2.028651e+01 7.787101e+01
5.007041e+01 7.978846e+01 3.489966e+01 9.495921e+01
5.000721e+01 7.978846e+01 2.779201e+01 1.020037e+02
2.415216e+01 7.978846e+01 1.638202e+01 8.755860e+01
2.134181e+01 7.978846e+01 2.333793e+01 7.779234e+01
4.462823e+01 7.978846e+01 2.924373e+01 9.517295e+01
5.497559e+01 7.978846e+01 2.968688e+01 1.050772e+02
1.923629e+01 7.978846e+01 2.309182e+01 7.593293e+01
2.981712e+01 7.978846e+01 2.248486e+01 8.712072e+01
4.091057e+01 7.978846e+01 1.720110e+01 1.034979e+02
6.056494e+01 7.978846e+01 2.424006e+01 1.161133e+02
2.902284e+00 7.978846e+01 4.050499e+01 4.218575e+01
2.253359e+01 7.978846e+01 1.962217e+01 8.269987e+01
4.304184e+01 7.978846e+01 2.919466e+01 9.363564e+01
3.173307e+01 7.978846e+01 2.727110e+01 8.425042e+01
4.218058e+01 7.978846e+01 2.714805e+01 9.482098e+01
