2.658436e+01 5.752175e+01 2.006155e+01 6.404456e+01
3.480311e-02 7.385509e+01 3.728212e+00 7.016168e+01
-6.255587e+00 7.669567e+01 8.876317e-01 6.955245e+01
7.591035e+01 7.527538e+01 2.307922e+00 1.488778e+02
3.226580e+00 7.243480e+01 5.148502e+00 7.051287e+01
7.292906e+00 7.385509e+01 3.728212e+00 7.741978e+01
1.252367e+01 7.101451e+01 6.568792e+00 7.696938e+01
-1.555701e+00 6.959422e+01 7.989082e+00 6.004943e+01
8.537745e+00 7.953625e+01 -1.952949e+00 9.002694e+01
-6.817869e+00 5.042030e+01 2.716300e+01 1.643943e+01
6.526384e+00 7.243480e+01 5.148502e+00 7.381268e+01
6.459291e-01 6.604349e+01 1.153981e+01 5.514961e+01
2.181787e+01 6.178262e+01 1.580068e+01 6.779982e+01
1.563516e+01 7.101451e+01 6.568792e+00 8.008087e+01
9.247720e+01 7.101451e+01 6.568792e+00 1.569229e+02
5.938797e+01 7.811596e+01 -5.326585e-01 1.380366e+02
3.350754e+01 7.811596e+01 -5.326585e-01 1.121562e+02
1.826389e+01 7.101451e+01 6.568792e+00 8.270960e+01
7.007698e+01 7.243480e+01 5.148502e+00 1.373633e+02
9.711319e+00 7.669567e+01 8.876317e-01 8.551935e+01
-3.329202e+01 7.669567e+01 8.876317e-01 4.251602e+01
2.438188e+01 6.959422e+01 7.989082e+00 8.598701e+01
3.201625e+01 7.385509e+01 3.728212e+00 1.021431e+02
-1.911347e+00 8.095654e+01 -3.373239e+00 8.241843e+01
1.969721e+01 7.527538e+01 2.307922e+00 9.266466e+01
8.506755e+00 6.178262e+01 1.580068e+01 5.448870e+01
2.205508e+01 7.527538e+01 2.307922e+00 9.502253e+01
1.308371e+01 7.101451e+01 6.568792e+00 7.752942e+01
1.449478e-02 7.669567e+01 8.876317e-01 7.582253e+01
1.507718e+01 6.036233e+01 1.722097e+01 5.821854e+01
2.021239e+00 7.385509e+01 3.728212e+00 7.214811e+01
3.485285e+01 7.243480e+01 5.148502e+00 1.021391e+02
-2.365626e+00 7.953625e+01 -1.952949e+00 7.912357e+01
1.959923e+01 7.101451e+01 6.568792e+00 8.404494e+01
2.242775e+00 6.320291e+01 1.438039e+01 5.106530e+01
-1.082818e+01 8.095654e+01 -3.373239e+00 7.350160e+01
-1.335547e-01 7.527538e+01 2.307922e+00 7.283390e+01
3.535797e+01 7.527538e+01 2.307922e+00 1.083254e+02
6.887460e+00 7.101451e+01 6.568792e+00 7.133317e+01
1.004346e+01 6.746378e+01 1.011952e+01 6.738772e+01
2.637892e+00 6.959422e+01 7.989082e+00 6.424303e+01
1.213281e+01 7.669567e+01 8.876317e-01 8.794084e+01
2.471755e+01 5.894204e+01 1.864126e+01 6.501833e+01
3.568642e+01 7.527538e+01 2.307922e+00 1.086539e+02
3.347327e+01 7.385509e+01 3.728212e+00 1.036001e+02
6.463104e+01 8.095654e+01 -3.373239e+00 1.489608e+02
6.072228e+00 6.959422e+01 7.989082e+00 6.767736e+01
4.525124e+00 7.385509e+01 3.728212e+00 7.465200e+01
-7.323502e+00 6.604349e+01 1.153981e+01 4.718018e+01
2.324736e+01 6.178262e+01 1.580068e+01 6.922931e+01
6.599154e+01 6.959422e+01 7.989082e+00 1.275967e+02
1.251358e+01 7.385509e+01 3.728212e+00 8.264045e+01
1.665798e+01 8.237683e+01 -4.793529e+00 1.038283e+02
3.660916e+01 6.888407e+01 8.699227e+00 9.679400e+01
1.327980e+01 6.604349e+01 1.153981e+01 6.778348e+01
8.235780e+00 7.527538e+01 2.307922e+00 8.120323e+01
1.391584e+01 6.604349e+01 1.153981e+01 6.841952e+01
3.498898e+01 7.101451e+01 6.568792e+00 9.943470e+01
7.562836e+00 7.811596e+01 -5.326585e-01 8.621145e+01
1.992568e+01 7.385509e+01 3.728212e+00 9.005255e+01
8.104445e+00 6.036233e+01 1.722097e+01 5.124581e+01
3.049969e+01 7.243480e+01 5.148502e+00 9.778599e+01
8.589576e-01 7.243480e+01 5.148502e+00 6.814525e+01
4.955201e-01 7.527538e+01 2.307922e+00 7.346297e+01
7.412275e+01 6.959422e+01 7.989082e+00 1.357279e+02
3.496537e+01 6.320291e+01 1.438039e+01 8.378790e+01
1.135631e+01 5.184059e+01 2.574271e+01 3.745419e+01
8.787225e+00 8.095654e+01 -3.373239e+00 9.311700e+01
3.278775e+01 6.959422e+01 7.989082e+00 9.439288e+01
8.814719e+01 6.959422e+01 7.989082e+00 1.497523e+02
7.113036e+01 6.888407e+01 8.699227e+00 1.313152e+02
