3.010680e+01 9.080466e+01 2.614967e+01 9.476180e+01
6.261208e+00 9.080466e+01 7.790847e+00 8.927503e+01
3.021505e+01 9.080466e+01 4.598008e+00 1.164217e+02
2.714901e+00 9.080466e+01 6.194427e+00 8.732514e+01
3.374707e+01 9.080466e+01 9.387266e+00 1.151645e+02
2.442467e+01 9.080466e+01 7.790847e+00 1.074385e+02
6.824942e+00 9.080466e+01 1.098369e+01 8.664592e+01
1.881470e+01 9.080466e+01 1.258011e+01 9.703926e+01
3.498663e+01 9.080466e+01 1.405169e+00 1.243861e+02
-2.141434e+00 9.080466e+01 3.413177e+01 5.453146e+01
1.980564e+01 9.080466e+01 9.387266e+00 1.012230e+02
5.185382e+01 9.080466e+01 1.657115e+01 1.260873e+02
1.210711e+02 9.080466e+01 2.136041e+01 1.905153e+02
3.040952e+01 9.080466e+01 1.098369e+01 1.102305e+02
9.266666e+00 9.080466e+01 1.098369e+01 8.908765e+01
4.701632e-01 9.080466e+01 3.001588e+00 8.827324e+01
2.482368e+01 9.080466e+01 3.001588e+00 1.126268e+02
1.403978e+01 9.080466e+01 1.098369e+01 9.386075e+01
2.797294e+01 9.080466e+01 9.387266e+00 1.093903e+02
2.697878e+01 9.080466e+01 4.598008e+00 1.131854e+02
5.852636e+01 9.080466e+01 4.598008e+00 1.447330e+02
4.197652e+01 9.080466e+01 1.258011e+01 1.202011e+02
7.824690e+01 9.080466e+01 7.790847e+00 1.612607e+02
3.187688e+01 9.080466e+01 -1.912510e-01 1.228728e+02
4.617517e+00 9.080466e+01 6.194427e+00 8.922775e+01
8.091455e+00 9.080466e+01 2.136041e+01 7.753571e+01
1.442012e+01 9.080466e+01 6.194427e+00 9.903036e+01
1.801521e+01 9.080466e+01 1.098369e+01 9.783619e+01
7.226289e+00 9.080466e+01 4.598008e+00 9.343295e+01
3.773918e+01 9.080466e+01 2.295683e+01 1.055870e+02
1.683085e+01 9.080466e+01 7.790847e+00 9.984467e+01
1.717730e+01 9.080466e+01 9.387266e+00 9.859470e+01
2.036987e-02 9.080466e+01 1.405169e+00 8.941987e+01
1.517175e+01 9.080466e+01 1.098369e+01 9.499273e+01
7.026874e-01 9.080466e+01 1.976399e+01 7.174336e+01
-1.615687e+00 9.080466e+01 -1.912510e-01 8.938023e+01
2.582290e+01 9.080466e+01 6.194427e+00 1.104331e+02
4.827389e+01 9.080466e+01 6.194427e+00 1.328841e+02
2.357664e+01 9.080466e+01 1.098369e+01 1.033976e+02
4.952037e+00 9.080466e+01 1.497473e+01 8.078197e+01
1.391983e+01 9.080466e+01 1.258011e+01 9.214439e+01
2.764305e+01 9.080466e+01 4.598008e+00 1.138497e+02
1.106306e+01 9.080466e+01 2.455325e+01 7.731448e+01
5.705723e+00 9.080466e+01 6.194427e+00 9.031596e+01
6.115658e+01 9.080466e+01 7.790847e+00 1.441704e+02
2.048724e+01 9.080466e+01 -1.912510e-01 1.114832e+02
1.110059e+00 9.080466e+01 1.258011e+01 7.933462e+01
1.035918e+01 9.080466e+01 7.790847e+00 9.337300e+01
3.310390e+01 9.080466e+01 1.657115e+01 1.073374e+02
1.448068e+01 9.080466e+01 2.136041e+01 8.392494e+01
1.227812e+01 9.080466e+01 1.258011e+01 9.050268e+01
2.628472e+01 9.080466e+01 7.790847e+00 1.092985e+02
-1.468224e+00 9.080466e+01 -1.787671e+00 9.112411e+01
2.505530e+00 9.080466e+01 1.337832e+01 7.993188e+01
8.243695e+00 9.080466e+01 1.657115e+01 8.247721e+01
1.734718e+01 9.080466e+01 6.194427e+00 1.019574e+02
1.223574e+01 9.080466e+01 1.657115e+01 8.646925e+01
2.313207e+01 9.080466e+01 1.098369e+01 1.029531e+02
3.019980e+00 9.080466e+01 3.001588e+00 9.082306e+01
7.602717e+00 9.080466e+01 7.790847e+00 9.061654e+01
2.651292e+01 9.080466e+01 2.295683e+01 9.436075e+01
3.461903e+01 9.080466e+01 9.387266e+00 1.160364e+02
2.216700e+01 9.080466e+01 9.387266e+00 1.035844e+02
1.668859e+01 9.080466e+01 6.194427e+00 1.012988e+02
1.234481e+01 9.080466e+01 1.258011e+01 9.056936e+01
5.521611e+00 9.080466e+01 1.976399e+01 7.656228e+01
-1.249278e+01 9.080466e+01 3.253535e+01 4.577653e+01
2.308716e+01 9.080466e+01 -1.912510e-01 1.140831e+02
9.941424e+01 9.080466e+01 1.258011e+01 1.776388e+02
4.675521e+01 9.080466e+01 1.258011e+01 1.249798e+02
4.490129e+01 9.080466e+01 1.337832e+01 1.223276e+02
