8.566730e+01 6.767013e+01 2.028884e+00 1.513085e+02
6.466903e+01 8.688510e+01 2.124386e+01 1.303103e+02
1.246073e+01 9.022684e+01 2.458559e+01 7.810197e+01
9.450805e+00 8.855597e+01 2.291473e+01 7.509205e+01
2.252078e+01 8.521423e+01 1.957299e+01 8.816202e+01
4.203497e+00 8.688510e+01 2.124386e+01 6.984474e+01
4.486572e+01 8.354337e+01 1.790212e+01 1.105070e+02
8.241691e+00 8.187250e+01 1.623126e+01 7.388293e+01
3.691848e+01 9.356857e+01 2.792733e+01 1.025597e+02
7.469669e+01 5.931579e+01 -6.325453e+00 1.403379e+02
2.612257e+01 8.521423e+01 1.957299e+01 9.176382e+01
3.340656e+01 7.769533e+01 1.205409e+01 9.904781e+01
5.376445e+01 7.268273e+01 7.041486e+00 1.194057e+02
3.858381e+01 8.354337e+01 1.790212e+01 1.042251e+02
2.645096e+01 8.354337e+01 1.790212e+01 9.209221e+01
1.360312e+01 9.189770e+01 2.625646e+01 7.924436e+01
1.642310e+02 9.189770e+01 2.625646e+01 2.298723e+02
5.136709e+01 8.354337e+01 1.790212e+01 1.170083e+02
4.002433e+01 8.521423e+01 1.957299e+01 1.056656e+02
7.631257e+00 9.022684e+01 2.458559e+01 7.327250e+01
1.235313e+02 9.022684e+01 2.458559e+01 1.891726e+02
1.000948e+01 8.187250e+01 1.623126e+01 7.565072e+01
1.182172e+02 8.688510e+01 2.124386e+01 1.838584e+02
2.243536e+01 9.523944e+01 2.959819e+01 8.807660e+01
5.477354e+00 8.855597e+01 2.291473e+01 7.111860e+01
2.637135e-01 7.268273e+01 7.041486e+00 6.590496e+01
2.489164e+01 8.855597e+01 2.291473e+01 9.053288e+01
6.204533e+01 8.354337e+01 1.790212e+01 1.276866e+02
6.745198e+01 9.022684e+01 2.458559e+01 1.330932e+02
3.249052e+01 7.101186e+01 5.370618e+00 9.813176e+01
2.430233e+01 8.688510e+01 2.124386e+01 8.994357e+01
1.216205e+02 8.521423e+01 1.957299e+01 1.872618e+02
6.134108e+00 9.356857e+01 2.792733e+01 7.177535e+01
2.208426e+01 8.354337e+01 1.790212e+01 8.772550e+01
8.594920e+00 7.435360e+01 8.712353e+00 7.423616e+01
-9.029083e+00 9.523944e+01 2.959819e+01 5.661216e+01
-2.229020e+01 8.855597e+01 2.291473e+01 4.335104e+01
7.793860e+01 8.855597e+01 2.291473e+01 1.435798e+02
1.827936e+01 8.354337e+01 1.790212e+01 8.392060e+01
8.927281e+00 7.936620e+01 1.372495e+01 7.456852e+01
4.101297e+00 8.187250e+01 1.623126e+01 6.974254e+01
1.060500e+02 9.022684e+01 2.458559e+01 1.716912e+02
4.265898e+00 6.934099e+01 3.699751e+00 6.990714e+01
1.300108e+01 8.855597e+01 2.291473e+01 7.864232e+01
-1.010333e+01 8.688510e+01 2.124386e+01 5.553792e+01
1.138363e+01 9.523944e+01 2.959819e+01 7.702487e+01
3.179892e+01 8.187250e+01 1.623126e+01 9.744016e+01
3.850683e+01 8.688510e+01 2.124386e+01 1.041481e+02
7.226717e+01 7.769533e+01 1.205409e+01 1.379084e+02
2.426476e+01 7.268273e+01 7.041486e+00 8.990600e+01
5.841964e+01 8.187250e+01 1.623126e+01 1.240609e+02
3.761430e+01 8.688510e+01 2.124386e+01 1.032555e+02
3.206805e+01 9.691030e+01 3.126906e+01 9.770929e+01
2.677911e+01 8.103707e+01 1.539582e+01 9.242036e+01
7.662542e+01 7.769533e+01 1.205409e+01 1.422667e+02
3.686823e+01 8.855597e+01 2.291473e+01 1.025095e+02
5.178635e+01 7.769533e+01 1.205409e+01 1.174276e+02
1.075381e+01 8.354337e+01 1.790212e+01 7.639506e+01
1.024086e+02 9.189770e+01 2.625646e+01 1.680499e+02
3.842965e+01 8.688510e+01 2.124386e+01 1.040709e+02
2.305799e+01 7.101186e+01 5.370618e+00 8.869923e+01
1.237738e+01 8.521423e+01 1.957299e+01 7.801862e+01
6.333579e+01 8.521423e+01 1.957299e+01 1.289770e+02
2.678750e+01 8.855597e+01 2.291473e+01 9.242875e+01
9.339542e+01 8.187250e+01 1.623126e+01 1.590367e+02
7.879993e+01 7.435360e+01 8.712353e+00 1.444412e+02
-2.483939e+01 6.098666e+01 -4.654586e+00 4.080186e+01
2.699753e+01 9.523944e+01 2.959819e+01 9.263877e+01
1.141612e+01 8.187250e+01 1.623126e+01 7.705737e+01
1.240058e+02 8.187250e+01 1.623126e+01 1.896471e+02
3.875011e+01 8.103707e+01 1.539582e+01 1.043914e+02
