2.653262e+01 5.134955e+01 2.344923e+01 5.443294e+01
-6.723561e+00 6.593029e+01 8.868498e+00 5.033823e+01
-4.522809e+00 6.846607e+01 6.332718e+00 5.761054e+01
5.680298e+01 6.719818e+01 7.600608e+00 1.164005e+02
5.597652e+00 6.466240e+01 1.013639e+01 6.012366e+01
3.353325e+01 6.593029e+01 8.868498e+00 9.059504e+01
2.118882e+01 6.339451e+01 1.140428e+01 7.317904e+01
1.137962e+01 6.212662e+01 1.267217e+01 6.083406e+01
1.543659e+01 7.100185e+01 3.796938e+00 8.264150e+01
-4.146014e+00 4.501010e+01 2.978869e+01 1.107540e+01
2.713606e+01 6.466240e+01 1.013639e+01 8.166207e+01
2.290510e+01 5.895689e+01 1.584189e+01 6.602009e+01
3.602626e+01 5.515322e+01 1.964556e+01 7.153391e+01
1.139874e+01 6.339451e+01 1.140428e+01 6.338896e+01
1.730889e+01 6.339451e+01 1.140428e+01 6.929911e+01
1.959693e+01 6.973396e+01 5.064828e+00 8.426606e+01
1.126461e+01 6.973396e+01 5.064828e+00 7.593374e+01
3.154814e+01 6.339451e+01 1.140428e+01 8.353837e+01
2.432972e+01 6.466240e+01 1.013639e+01 7.885573e+01
1.152081e+01 6.846607e+01 6.332718e+00 7.365415e+01
-4.759619e+00 6.846607e+01 6.332718e+00 5.737373e+01
1.491472e+01 6.212662e+01 1.267217e+01 6.436917e+01
1.035025e+01 6.593029e+01 8.868498e+00 6.741204e+01
3.405866e+00 7.226974e+01 2.529048e+00 7.314655e+01
1.245095e+01 6.719818e+01 7.600608e+00 7.204852e+01
1.607180e+01 5.515322e+01 1.964556e+01 5.157946e+01
1.234727e+01 6.719818e+01 7.600608e+00 7.194484e+01
1.772215e+01 6.339451e+01 1.140428e+01 6.971238e+01
2.286065e+00 6.846607e+01 6.332718e+00 6.441941e+01
3.063224e+01 5.388533e+01 2.091345e+01 6.360412e+01
-8.969471e+00 6.593029e+01 8.868498e+00 4.809232e+01
2.196366e+01 6.466240e+01 1.013639e+01 7.648966e+01
-1.381024e+01 7.100185e+01 3.796938e+00 5.339467e+01
1.140798e+01 6.339451e+01 1.140428e+01 6.339821e+01
2.364669e+01 5.642111e+01 1.837767e+01 6.169013e+01
4.836579e+00 7.226974e+01 2.529048e+00 7.457727e+01
4.589583e+00 6.719818e+01 7.600608e+00 6.418715e+01
1.516727e+01 6.719818e+01 7.600608e+00 7.476483e+01
2.696902e+01 6.339451e+01 1.140428e+01 7.895925e+01
4.523573e+00 6.022478e+01 1.457400e+01 5.017435e+01
2.197970e+01 6.212662e+01 1.267217e+01 7.143414e+01
1.659882e+01 6.846607e+01 6.332718e+00 7.873217e+01
9.186628e+00 5.261744e+01 2.218134e+01 3.962272e+01
4.229650e+00 6.719818e+01 7.600608e+00 6.382722e+01
1.540568e+01 6.593029e+01 8.868498e+00 7.246747e+01
-8.472012e-01 7.226974e+01 2.529048e+00 6.889349e+01
2.441534e+01 6.212662e+01 1.267217e+01 7.386979e+01
-4.127178e+01 6.593029e+01 8.868498e+00 1.579001e+01
2.144100e+01 5.895689e+01 1.584189e+01 6.455599e+01
1.265965e+01 5.515322e+01 1.964556e+01 4.816730e+01
8.667966e+00 6.212662e+01 1.267217e+01 5.812241e+01
1.859323e+01 6.593029e+01 8.868498e+00 7.565501e+01
2.228175e+00 7.353763e+01 1.261158e+00 7.450464e+01
3.067836e+01 6.149267e+01 1.330611e+01 7.886491e+01
3.414289e+01 5.895689e+01 1.584189e+01 7.725789e+01
5.078039e+00 6.719818e+01 7.600608e+00 6.467561e+01
2.170696e+01 5.895689e+01 1.584189e+01 6.482195e+01
1.295126e+01 6.339451e+01 1.140428e+01 6.494149e+01
-4.385081e+00 6.973396e+01 5.064828e+00 6.028405e+01
5.011739e+00 6.593029e+01 8.868498e+00 6.207353e+01
3.339484e+01 5.388533e+01 2.091345e+01 6.636672e+01
3.684071e+01 6.466240e+01 1.013639e+01 9.136671e+01
4.204052e+00 6.466240e+01 1.013639e+01 5.873006e+01
1.781884e+00 6.719818e+01 7.600608e+00 6.137945e+01
3.088004e+01 6.212662e+01 1.267217e+01 8.033448e+01
3.168285e+01 5.642111e+01 1.837767e+01 6.972629e+01
-7.923419e+00 4.627799e+01 2.852079e+01 9.833775e+00
1.605068e+01 7.226974e+01 2.529048e+00 8.579137e+01
1.255791e+01 6.212662e+01 1.267217e+01 6.201236e+01
1.069173e+01 6.212662e+01 1.267217e+01 6.014618e+01
3.066888e+01 6.149267e+01 1.330611e+01 7.885544e+01
