1.407528e+01 9.119510e+00 9.119510e+00 1.407528e+01
1.812544e+01 9.119510e+00 9.119510e+00 1.812544e+01
9.518222e+00 9.119510e+00 9.119510e+00 9.518222e+00
1.726990e+01 9.119510e+00 9.119510e+00 1.726990e+01
4.470888e+00 9.119510e+00 9.119510e+00 4.470888e+00
1.048300e+01 9.119510e+00 9.119510e+00 1.048300e+01
2.733986e+00 9.119510e+00 9.119510e+00 2.733986e+00
8.917667e+00 9.119510e+00 9.119510e+00 8.917667e+00
1.194409e+01 9.119510e+00 9.119510e+00 1.194409e+01
1.799828e+01 9.119510e+00 9.119510e+00 1.799828e+01
5.844777e+00 9.119510e+00 9.119510e+00 5.844777e+00
1.144425e+01 9.119510e+00 9.119510e+00 1.144425e+01
1.651372e+01 9.119510e+00 9.119510e+00 1.651372e+01
1.459495e+01 9.119510e+00 9.119510e+00 1.459495e+01
1.193229e+00 9.119510e+00 9.119510e+00 1.193229e+00
1.555245e+00 9.119510e+00 9.119510e+00 1.555245e+00
2.115132e+01 9.119510e+00 9.119510e+00 2.115132e+01
3.006427e+00 9.119510e+00 9.119510e+00 3.006427e+00
2.542971e+01 9.119510e+00 9.119510e+00 2.542971e+01
4.304802e+00 9.119510e+00 9.119510e+00 4.304802e+00
8.691573e+00 9.119510e+00 9.119510e+00 8.691573e+00
3.088699e+00 9.119510e+00 9.119510e+00 3.088699e+00
1.084865e+01 9.119510e+00 9.119510e+00 1.084865e+01
