2.831919e+01 5.154779e+01 1.789471e+01 6.197227e+01
3.927533e+00 6.618482e+01 3.257688e+00 6.685466e+01
-2.062590e+01 6.873039e+01 7.121177e-01 4.739237e+01
5.436473e+01 6.745760e+01 1.984903e+00 1.198374e+02
1.830271e+00 6.491203e+01 4.530473e+00 6.221183e+01
-3.053804e+00 6.618482e+01 3.257688e+00 5.987333e+01
8.862300e+00 6.363925e+01 5.803257e+00 6.669829e+01
1.560944e+01 6.236646e+01 7.076042e+00 7.089986e+01
1.135411e+01 7.127596e+01 -1.833452e+00 8.446352e+01
-1.710893e+01 4.518387e+01 2.425864e+01 3.816292e+00
-6.217058e-01 6.491203e+01 4.530473e+00 5.975985e+01
-2.236634e-01 5.918450e+01 1.025800e+01 4.870283e+01
1.868204e+01 5.536615e+01 1.407636e+01 5.997182e+01
1.035076e+01 6.363925e+01 5.803257e+00 6.818675e+01
8.307695e+01 6.363925e+01 5.803257e+00 1.409129e+02
6.028497e+01 7.000317e+01 -5.606673e-01 1.308488e+02
3.481878e+01 7.000317e+01 -5.606673e-01 1.053826e+02
3.003715e+00 6.363925e+01 5.803257e+00 6.083970e+01
5.175503e+01 6.491203e+01 4.530473e+00 1.121366e+02
-1.464872e+00 6.873039e+01 7.121177e-01 6.655340e+01
-1.209743e+01 6.873039e+01 7.121177e-01 5.592084e+01
2.382932e+01 6.236646e+01 7.076042e+00 7.911974e+01
2.650742e+01 6.618482e+01 3.257688e+00 8.943455e+01
-7.416562e+00 7.254874e+01 -3.106237e+00 6.823842e+01
2.084255e+01 6.745760e+01 1.984903e+00 8.631525e+01
8.731211e+00 5.536615e+01 1.407636e+01 5.002100e+01
1.391891e+01 6.745760e+01 1.984903e+00 7.939160e+01
-2.928795e+00 6.363925e+01 5.803257e+00 5.490719e+01
1.267740e-02 6.873039e+01 7.121177e-01 6.803095e+01
2.515022e+01 5.409336e+01 1.534914e+01 6.389444e+01
1.215164e+01 6.618482e+01 3.257688e+00 7.507877e+01
2.626536e+01 6.491203e+01 4.530473e+00 8.664692e+01
-4.205698e+00 7.127596e+01 -1.833452e+00 6.890371e+01
1.594679e+01 6.363925e+01 5.803257e+00 7.378278e+01
6.187039e-01 5.663893e+01 1.280357e+01 4.445406e+01
-1.001352e+01 7.254874e+01 -3.106237e+00 6.564146e+01
8.762336e-01 6.745760e+01 1.984903e+00 6.634893e+01
3.735757e+01 6.745760e+01 1.984903e+00 1.028303e+02
4.222079e+00 6.363925e+01 5.803257e+00 6.205807e+01
6.893637e+00 6.045729e+01 8.985220e+00 5.836570e+01
3.859509e+00 6.236646e+01 7.076042e+00 5.914993e+01
9.365979e+00 6.873039e+01 7.121177e-01 7.738425e+01
3.783343e+01 5.282058e+01 1.662193e+01 7.403207e+01
1.441352e+01 6.745760e+01 1.984903e+00 7.988622e+01
2.779510e+01 6.618482e+01 3.257688e+00 9.072223e+01
6.231471e+01 7.254874e+01 -3.106237e+00 1.379697e+02
5.241575e+00 6.236646e+01 7.076042e+00 6.053200e+01
-2.109783e+00 6.618482e+01 3.257688e+00 6.081735e+01
3.404360e-01 5.918450e+01 1.025800e+01 4.926693e+01
2.004541e+01 5.536615e+01 1.407636e+01 6.133519e+01
5.067169e+01 6.236646e+01 7.076042e+00 1.059621e+02
9.801602e+00 6.618482e+01 3.257688e+00 7.272873e+01
6.587987e+00 7.382153e+01 -4.379022e+00 8.478854e+01
2.911014e+01 6.173007e+01 7.712435e+00 8.312778e+01
1.347231e+01 5.918450e+01 1.025800e+01 6.239880e+01
1.154102e+01 6.745760e+01 1.984903e+00 7.701372e+01
1.020087e+01 5.918450e+01 1.025800e+01 5.912736e+01
3.793274e+01 6.363925e+01 5.803257e+00 9.576873e+01
1.288798e+01 7.000317e+01 -5.606673e-01 8.345182e+01
2.136450e+01 6.618482e+01 3.257688e+00 8.429163e+01
8.902427e+00 5.409336e+01 1.534914e+01 4.764664e+01
2.803173e+01 6.491203e+01 4.530473e+00 8.841329e+01
-1.305264e+00 6.491203e+01 4.530473e+00 5.907630e+01
1.573096e+00 6.745760e+01 1.984903e+00 6.704580e+01
5.097198e+01 6.236646e+01 7.076042e+00 1.062624e+02
3.009236e+01 5.663893e+01 1.280357e+01 7.392772e+01
6.820399e+00 4.645665e+01 2.298585e+01 3.029120e+01
3.228186e+01 7.254874e+01 -3.106237e+00 1.079368e+02
4.377759e+01 6.236646e+01 7.076042e+00 9.906801e+01
7.193242e+01 6.236646e+01 7.076042e+00 1.272228e+02
7.100247e+01 6.173007e+01 7.712435e+00 1.250201e+02
