5.480637e+01 1.192690e+02 1.748471e+01 1.565906e+02
5.713668e+01 1.531355e+02 5.135121e+01 1.589209e+02
1.295752e+02 1.590253e+02 5.724103e+01 2.313595e+02
6.836292e+01 1.560804e+02 5.429612e+01 1.701472e+02
1.134893e+02 1.501906e+02 4.840629e+01 2.152736e+02
2.813302e+01 1.531355e+02 5.135121e+01 1.299173e+02
7.057057e+01 1.472456e+02 4.546138e+01 1.723548e+02
4.702010e+01 1.443007e+02 4.251647e+01 1.488044e+02
5.079747e+01 1.649151e+02 6.313086e+01 1.525817e+02
1.545537e+01 1.045444e+02 2.760145e+00 1.172396e+02
9.248452e+01 1.501906e+02 4.840629e+01 1.942688e+02
4.349339e+01 1.369385e+02 3.515419e+01 1.452777e+02
3.115166e+01 1.281037e+02 2.631945e+01 1.329359e+02
4.976429e+01 1.472456e+02 4.546138e+01 1.515486e+02
1.949286e+01 1.472456e+02 4.546138e+01 1.212771e+02
8.575642e+01 1.619702e+02 6.018595e+01 1.875407e+02
6.517979e+01 1.619702e+02 6.018595e+01 1.669641e+02
1.336108e+01 1.472456e+02 4.546138e+01 1.151453e+02
3.764186e+01 1.501906e+02 4.840629e+01 1.394261e+02
7.058299e+01 1.590253e+02 5.724103e+01 1.723673e+02
-1.520414e+01 1.590253e+02 5.724103e+01 8.658013e+01
6.495949e+01 1.443007e+02 4.251647e+01 1.667438e+02
6.576398e+01 1.531355e+02 5.135121e+01 1.675482e+02
1.090498e+02 1.678600e+02 6.607577e+01 2.108341e+02
8.904238e+01 1.560804e+02 5.429612e+01 1.908266e+02
8.419253e+00 1.281037e+02 2.631945e+01 1.102035e+02
9.305905e+01 1.560804e+02 5.429612e+01 1.948433e+02
1.081110e+02 1.472456e+02 4.546138e+01 2.098952e+02
4.781211e+01 1.590253e+02 5.724103e+01 1.495964e+02
7.636511e+01 1.251588e+02 2.337454e+01 1.781494e+02
1.256044e+02 1.531355e+02 5.135121e+01 2.273887e+02
5.097494e+01 1.501906e+02 4.840629e+01 1.527592e+02
1.182749e+01 1.649151e+02 6.313086e+01 1.136118e+02
4.287565e+01 1.472456e+02 4.546138e+01 1.446599e+02
4.599948e+01 1.310486e+02 2.926436e+01 1.477837e+02
5.882920e+01 1.678600e+02 6.607577e+01 1.606135e+02
8.908873e+01 1.560804e+02 5.429612e+01 1.908730e+02
3.081424e+01 1.560804e+02 5.429612e+01 1.325985e+02
1.365758e+02 1.472456e+02 4.546138e+01 2.383601e+02
-2.505750e+00 1.398834e+02 3.809910e+01 9.927851e+01
3.921614e+01 1.443007e+02 4.251647e+01 1.410004e+02
7.841354e+01 1.590253e+02 5.724103e+01 1.801978e+02
-1.467550e+01 1.222139e+02 2.042962e+01 8.710876e+01
6.150424e+01 1.560804e+02 5.429612e+01 1.632885e+02
6.024319e+01 1.531355e+02 5.135121e+01 1.620275e+02
4.537648e+01 1.678600e+02 6.607577e+01 1.471607e+02
3.025521e+01 1.443007e+02 4.251647e+01 1.320395e+02
2.703324e+01 1.531355e+02 5.135121e+01 1.288175e+02
5.995581e+01 1.369385e+02 3.515419e+01 1.617401e+02
6.129646e+01 1.281037e+02 2.631945e+01 1.630807e+02
3.395142e+01 1.443007e+02 4.251647e+01 1.357357e+02
7.612774e+01 1.531355e+02 5.135121e+01 1.779120e+02
3.651536e+01 1.708049e+02 6.902069e+01 1.382996e+02
3.852796e+01 1.428283e+02 4.104401e+01 1.403122e+02
3.688551e+01 1.369385e+02 3.515419e+01 1.386698e+02
8.198163e+01 1.560804e+02 5.429612e+01 1.837659e+02
6.733996e+01 1.369385e+02 3.515419e+01 1.691242e+02
1.067126e+02 1.472456e+02 4.546138e+01 2.084968e+02
2.372840e+01 1.619702e+02 6.018595e+01 1.255127e+02
1.759385e+01 1.531355e+02 5.135121e+01 1.193781e+02
3.127018e+00 1.251588e+02 2.337454e+01 1.049113e+02
5.216952e+01 1.501906e+02 4.840629e+01 1.539538e+02
2.919743e+01 1.501906e+02 4.840629e+01 1.309817e+02
3.496613e+01 1.560804e+02 5.429612e+01 1.367504e+02
3.923590e+01 1.443007e+02 4.251647e+01 1.410202e+02
4.225413e+01 1.310486e+02 2.926436e+01 1.440384e+02
1.365002e+01 1.074893e+02 5.705058e+00 1.154343e+02
8.360671e+01 1.678600e+02 6.607577e+01 1.853910e+02
8.656054e+01 1.443007e+02 4.251647e+01 1.883448e+02
3.658001e+01 1.443007e+02 4.251647e+01 1.383643e+02
3.460920e+01 1.428283e+02 4.104401e+01 1.363935e+02
