1.069417e+02 9.608498e+01 1.829375e+01 1.847329e+02
2.272515e+01 9.608498e+01 3.548531e+01 8.332482e+01
6.652132e+01 9.608498e+01 4.284562e+01 1.197607e+02
6.664066e+01 9.608498e+01 3.205544e+01 1.306702e+02
2.733708e+01 9.608498e+01 3.522205e+01 8.820000e+01
7.174910e+01 9.608498e+01 2.296595e+01 1.448681e+02
7.050881e+01 9.608498e+01 2.639326e+01 1.402005e+02
3.138946e+01 9.608498e+01 2.272862e+01 1.047458e+02
1.630042e+01 9.608498e+01 4.749350e+01 6.489189e+01
-2.146416e+01 9.608498e+01 -3.064627e+00 7.768544e+01
1.596084e+01 9.608498e+01 3.155998e+01 8.048584e+01
3.745543e+01 9.608498e+01 2.589396e+01 1.076465e+02
-1.477151e+01 9.608498e+01 1.143658e+01 6.987688e+01
1.565030e+01 9.608498e+01 2.665395e+01 8.508132e+01
-3.162461e+00 9.608498e+01 1.805737e+01 7.486514e+01
6.362868e+01 9.608498e+01 3.353160e+01 1.261821e+02
8.814320e+01 9.608498e+01 4.873233e+01 1.354958e+02
-3.510456e-01 9.608498e+01 2.910568e+01 6.662825e+01
4.152730e+01 9.608498e+01 4.528967e+01 9.232261e+01
9.077589e+01 9.608498e+01 4.774908e+01 1.391118e+02
1.632928e+01 9.608498e+01 4.235527e+01 7.005899e+01
2.504128e+01 9.608498e+01 4.038109e+01 8.074517e+01
2.773252e+01 9.608498e+01 3.401427e+01 8.980323e+01
8.222169e+01 9.608498e+01 5.903472e+01 1.192719e+02
7.497339e+01 9.608498e+01 4.578514e+01 1.252732e+02
-1.044840e+01 9.608498e+01 7.979764e+00 7.765681e+01
4.900175e+01 9.608498e+01 2.320481e+01 1.218819e+02
3.029180e+01 9.608498e+01 2.319713e+01 1.031796e+02
7.101397e+01 9.608498e+01 2.860118e+01 1.384978e+02
1.182223e+01 9.608498e+01 3.303394e+00 1.046038e+02
2.921110e+01 9.608498e+01 2.712502e+01 9.817106e+01
1.820645e+01 9.608498e+01 2.490038e+01 8.939104e+01
7.263593e+01 9.608498e+01 3.400011e+01 1.347208e+02
9.718144e+00 9.608498e+01 2.097506e+01 8.482807e+01
2.211630e+01 9.608498e+01 1.484717e+01 1.033541e+02
1.004182e+02 9.608498e+01 3.645440e+01 1.600487e+02
-3.067052e+01 9.608498e+01 2.810828e+01 3.730618e+01
4.802171e+01 9.608498e+01 2.392481e+01 1.201819e+02
4.275389e+01 9.608498e+01 2.221644e+01 1.166224e+02
2.045215e+01 9.608498e+01 1.557485e+01 1.009623e+02
-4.469145e+00 9.608498e+01 3.005942e+01 6.155641e+01
-1.787685e+00 9.608498e+01 3.105291e+01 6.324438e+01
9.784319e+00 9.608498e+01 1.385880e+01 9.201049e+01
3.330057e+01 9.608498e+01 2.490550e+01 1.044800e+02
1.309337e+01 9.608498e+01 2.418295e+01 8.499540e+01
5.971555e+01 9.608498e+01 4.184821e+01 1.139523e+02
-2.091624e+01 9.608498e+01 2.368492e+01 5.148381e+01
2.791838e+01 9.608498e+01 1.705740e+01 1.069459e+02
5.714761e+01 9.608498e+01 1.681368e+01 1.364189e+02
4.493744e+00 9.608498e+01 7.489418e+00 9.308930e+01
-1.214515e+01 9.608498e+01 1.361730e+01 7.032253e+01
4.458622e+01 9.608498e+01 2.173121e+01 1.189400e+02
1.110429e+00 9.608498e+01 3.008246e+01 6.711295e+01
6.992128e+01 9.608498e+01 1.485741e+01 1.511488e+02
2.628159e+01 9.608498e+01 1.043917e+01 1.119274e+02
6.108567e+01 9.608498e+01 3.350208e+01 1.236686e+02
3.586813e+01 9.608498e+01 4.555019e+00 1.273981e+02
2.144756e+01 9.608498e+01 1.878402e+01 9.874851e+01
4.614960e+01 9.608498e+01 4.135274e+01 1.008818e+02
4.721730e+01 9.608498e+01 2.761537e+01 1.156869e+02
-2.095820e+00 9.608498e+01 1.288067e+01 8.110849e+01
-7.460499e-01 9.608498e+01 1.584450e+01 7.949443e+01
3.116156e+01 9.608498e+01 2.761281e+01 9.963372e+01
1.069540e+01 9.608498e+01 2.957931e+01 7.720106e+01
7.256935e+01 9.608498e+01 2.636630e+01 1.422880e+02
2.988764e+01 9.608498e+01 2.269271e+01 1.032799e+02
2.157539e+01 9.608498e+01 -2.073893e+01 1.383993e+02
2.936085e+01 9.608498e+01 3.645440e+01 8.899143e+01
1.826477e+01 9.608498e+01 1.583938e+01 9.851037e+01
1.597014e+01 9.608498e+01 1.927180e+01 9.278331e+01
3.343144e+01 9.608498e+01 1.927053e+01 1.102459e+02
