1.947401e+01 2.003067e+01 3.633628e+00 3.587105e+01
-1.990033e+00 1.534264e+01 -2.580662e+00 1.593327e+01
-6.090086e+00 1.832593e+01 1.371915e-01 1.209865e+01
-8.610240e+00 1.065461e+01 -7.401409e+00 9.445778e+00
3.201839e+00 2.216159e+01 4.313218e+00 2.105021e+01
-3.776234e+00 9.802241e+00 -8.178848e+00 1.420485e+01
6.508764e+00 1.619501e+01 -1.520645e+00 2.422442e+01
2.019693e+00 9.376057e+00 -8.149088e+00 1.954484e+01
2.014073e+00 2.429251e+01 5.780547e+00 2.052604e+01
-1.254649e+01 1.534264e+01 -4.485963e-01 3.244747e+00
4.768350e+00 1.363790e+01 -4.152681e+00 2.255893e+01
1.472412e+01 2.173540e+01 4.484266e+00 3.197526e+01
8.651716e+00 8.949872e+00 -7.845321e+00 2.544691e+01
-7.841377e-01 1.108079e+01 -6.577069e+00 1.687373e+01
-1.539823e+01 8.949872e+00 -8.765780e+00 2.317421e+00
-2.120716e+01 8.523688e+00 -9.797768e+00 -2.885703e+00
-2.308654e+00 2.173540e+01 3.413948e+00 1.601280e+01
6.091693e+00 1.321172e+01 -4.446147e+00 2.374956e+01
8.130289e+00 2.557106e+01 7.780482e+00 2.592087e+01
1.313389e+01 2.258777e+01 4.399035e+00 3.132262e+01
-2.179462e+01 1.789974e+01 -2.889929e-01 -3.605882e+00
8.623713e+00 2.471869e+01 7.193550e+00 2.614886e+01
-1.109044e+01 1.406408e+01 -3.859215e+00 6.832863e+00
-5.910562e+00 2.727580e+01 8.688908e+00 1.267633e+01
-3.418689e+00 2.258777e+01 4.531754e+00 1.463733e+01
-6.157107e+00 1.619501e+01 2.112229e-01 9.826677e+00
1.099728e-01 1.321172e+01 -4.032893e+00 1.735458e+01
-6.888811e+00 1.832593e+01 1.479475e+00 9.957643e+00
1.597829e+01 1.619501e+01 -1.182321e+00 3.335561e+01
-7.385029e+00 1.917830e+01 3.269443e+00 8.523825e+00
5.900670e+00 1.832593e+01 1.214038e+00 2.301256e+01
6.188874e+00 2.344014e+01 6.403180e+00 2.322584e+01
-1.293479e+01 1.747356e+01 -1.692049e-01 4.707979e+00
-3.313618e+00 2.173540e+01 4.831161e+00 1.359063e+01
1.011509e+01 2.045685e+01 4.340348e+00 2.623160e+01
1.019095e+01 1.789974e+01 1.242610e-01 2.796643e+01
3.077647e+01 1.747356e+01 2.289505e-01 4.802108e+01
6.299444e+00 1.917830e+01 1.875899e+00 2.360184e+01
-7.528271e+00 1.747356e+01 6.271059e-01 9.318183e+00
7.273343e+00 2.130922e+01 4.736773e+00 2.384579e+01
3.278868e+00 2.599725e+01 9.283512e+00 1.999260e+01
2.589340e+00 1.832593e+01 9.486008e-01 1.996667e+01
2.564587e+00 2.471869e+01 9.000348e+00 1.828293e+01
-3.981136e+00 2.003067e+01 2.728268e+00 1.332126e+01
1.747622e+01 1.576882e+01 -1.343069e+00 3.458811e+01
5.850948e+00 2.258777e+01 4.812289e+00 2.362643e+01
1.258321e+01 2.045685e+01 3.743115e+00 2.929694e+01
-2.072119e+01 1.491645e+01 -2.253226e+00 -3.551512e+00
2.977993e+00 1.875211e+01 2.370174e+00 1.935993e+01
-4.159254e+00 1.576882e+01 -2.149615e-01 1.182453e+01
1.765538e+01 1.704738e+01 2.758511e-01 3.442691e+01
-2.646915e+01 1.363790e+01 -3.473991e+00 -9.357263e+00
-9.981067e+00 1.065461e+01 -7.253592e+00 7.927135e+00
-6.435685e-01 1.363790e+01 -3.009476e+00 1.600381e+01
-2.646405e+00 1.321172e+01 -3.170223e+00 1.373553e+01
1.364422e+01 2.216159e+01 4.916979e+00 3.088883e+01
-2.423720e+01 8.097503e+00 -8.284436e+00 -7.855260e+00
1.257040e+01 1.449027e+01 -2.356185e+00 2.941686e+01
5.094594e+00 2.557106e+01 8.061017e+00 2.260464e+01
-1.101367e+01 1.875211e+01 1.640222e+00 6.098223e+00
1.907733e+00 2.216159e+01 6.310523e+00 1.775880e+01
-2.593019e+00 1.022843e+01 -6.750747e+00 1.438615e+01
6.631262e-01 2.045685e+01 3.477678e+00 1.764230e+01
2.772119e+00 1.875211e+01 1.507504e+00 2.001673e+01
4.294939e+01 2.812817e+01 1.135665e+01 5.972091e+01
3.177993e+01 2.727580e+01 1.115930e+01 4.789643e+01
-3.288755e+01 8.523688e+00 -6.588856e+00 -1.777500e+01
7.306449e+00 1.789974e+01 1.242610e-01 2.508193e+01
-1.544236e+00 1.363790e+01 -3.075835e+00 1.516950e+01
1.739711e+01 1.662119e+01 -9.254436e-02 3.411085e+01
-3.114522e+00 1.747356e+01 8.261837e-01 1.353285e+01
