2.404338e+01 0.000000e+00 1.213241e+01 1.191097e+01
3.510982e-01 0.000000e+00 1.495275e+01 -1.460165e+01
5.577470e+00 0.000000e+00 1.580094e+01 -1.022347e+01
1.966775e+01 0.000000e+00 1.479494e+01 4.872816e+00
3.979492e+01 1.441032e+01 2.972154e+01 2.448370e+01
7.267203e+01 1.441032e+01 2.884136e+01 5.824099e+01
8.461349e+01 1.441032e+01 2.887606e+01 7.014774e+01
1.083997e+01 0.000000e+00 1.354001e+01 -2.700042e+00
2.533965e+01 1.441032e+01 3.134037e+01 8.409592e+00
1.010941e+01 1.441032e+01 2.468311e+01 -1.633841e-01
2.488981e+01 0.000000e+00 1.450859e+01 1.038122e+01
3.972076e+01 1.441032e+01 2.840506e+01 2.572602e+01
5.369341e+00 0.000000e+00 1.193989e+01 -6.570547e+00
-2.058764e+00 0.000000e+00 1.398417e+01 -1.604293e+01
1.294875e+00 1.441032e+01 2.819383e+01 -1.248864e+01
1.389818e+01 0.000000e+00 1.516155e+01 -1.263365e+00
2.874066e+01 0.000000e+00 1.640563e+01 1.233503e+01
1.687652e+01 0.000000e+00 1.418483e+01 2.691695e+00
1.792369e+01 0.000000e+00 1.563228e+01 2.291411e+00
1.101090e+01 0.000000e+00 1.620226e+01 -5.191360e+00
2.671234e+00 0.000000e+00 1.576081e+01 -1.308958e+01
2.535361e+01 0.000000e+00 1.498475e+01 1.036887e+01
4.453500e+01 0.000000e+00 1.483236e+01 2.970264e+01
2.777079e+01 0.000000e+00 1.749461e+01 1.027618e+01
1.458763e+01 0.000000e+00 1.591862e+01 -1.330991e+00
2.537786e+01 0.000000e+00 1.064399e+01 1.473387e+01
3.623771e+01 0.000000e+00 1.305759e+01 2.318012e+01
5.567778e+00 0.000000e+00 1.268827e+01 -7.120495e+00
1.180654e+01 0.000000e+00 1.362215e+01 -1.815614e+00
1.293976e+01 1.441032e+01 2.505160e+01 2.298484e+00
2.882071e+01 0.000000e+00 1.325554e+01 1.556517e+01
3.184095e+01 1.441032e+01 2.786380e+01 1.838746e+01
1.331956e+01 0.000000e+00 1.430981e+01 -9.902539e-01
1.961437e+01 1.441032e+01 2.741964e+01 6.605044e+00
3.311465e+01 0.000000e+00 1.132894e+01 2.178570e+01
4.255905e+01 0.000000e+00 1.463358e+01 2.792547e+01
-1.712421e+01 0.000000e+00 1.345891e+01 -3.058312e+01
3.211178e+01 1.441032e+01 2.802975e+01 1.849234e+01
1.507458e+01 0.000000e+00 1.260801e+01 2.466573e+00
2.507995e+01 1.441032e+01 2.667043e+01 1.281984e+01
1.615859e+01 0.000000e+00 1.312701e+01 3.031584e+00
9.645657e+00 0.000000e+00 1.382281e+01 -4.177151e+00
8.712913e+00 0.000000e+00 1.087936e+01 -2.166444e+00
2.311265e+01 1.441032e+01 2.811002e+01 9.412953e+00
5.483892e+00 0.000000e+00 1.301475e+01 -7.530858e+00
5.995341e+00 0.000000e+00 1.507503e+01 -9.079686e+00
1.836149e+01 0.000000e+00 1.260530e+01 5.756191e+00
6.084062e+01 1.441032e+01 2.734480e+01 4.790613e+01
8.913530e+00 0.000000e+00 1.173568e+01 -2.822155e+00
1.592323e+01 0.000000e+00 1.060386e+01 5.319369e+00
1.453486e+01 1.441032e+01 2.669456e+01 2.250614e+00
-3.607901e+01 0.000000e+00 1.281409e+01 -4.889310e+01
3.828908e+01 0.000000e+00 1.423498e+01 2.405411e+01
3.068196e+01 0.000000e+00 1.182137e+01 1.886059e+01
3.117551e+01 0.000000e+00 1.121397e+01 1.996154e+01
4.624743e+01 0.000000e+00 1.390036e+01 3.234707e+01
3.274969e+01 0.000000e+00 1.073239e+01 2.201730e+01
1.014669e+01 0.000000e+00 1.232709e+01 -2.180393e+00
1.580050e+01 0.000000e+00 1.478868e+01 1.011816e+00
3.020251e+00 0.000000e+00 1.329567e+01 -1.027542e+01
6.000565e+00 0.000000e+00 1.092220e+01 -4.921636e+00
4.398196e+00 0.000000e+00 1.220940e+01 -7.811208e+00
1.985661e+00 0.000000e+00 1.317256e+01 -1.118690e+01
1.664738e+01 0.000000e+00 1.357931e+01 3.068070e+00
5.286825e+01 1.441032e+01 2.773798e+01 3.954059e+01
1.125965e+01 0.000000e+00 1.197105e+01 -7.114039e-01
-4.254144e+00 1.441032e+01 2.234650e+01 -1.219033e+01
2.685336e+01 0.000000e+00 1.463358e+01 1.221978e+01
1.965301e+01 0.000000e+00 1.196319e+01 7.689823e+00
3.258207e+01 0.000000e+00 1.224411e+01 2.033796e+01
4.508884e+01 0.000000e+00 1.218256e+01 3.290628e+01
