2.783535e+01 1.399802e+01 3.285086e+01 8.982513e+00
1.460142e+00 1.399802e+01 1.929149e+01 -3.833321e+00
3.165762e+01 1.399802e+01 1.748494e+01 2.817070e+01
1.670300e+00 1.399802e+01 1.749084e+01 -1.822517e+00
3.347968e+01 1.399802e+01 2.329120e+01 2.418650e+01
2.001331e+01 1.399802e+01 2.037657e+01 1.363477e+01
1.052385e+01 1.399802e+01 2.354465e+01 9.772289e-01
2.652991e+01 1.399802e+01 2.178469e+01 1.874325e+01
3.017987e+01 1.399802e+01 1.800125e+01 2.617665e+01
-2.173510e+01 1.399802e+01 3.965911e+01 -4.739619e+01
2.644759e+01 1.399802e+01 2.016381e+01 2.028180e+01
5.068719e+01 1.399802e+01 2.826876e+01 3.641645e+01
1.198136e+02 1.399802e+01 2.788213e+01 1.059295e+02
2.119013e+01 1.399802e+01 2.091236e+01 1.427579e+01
8.516038e+00 1.399802e+01 2.249255e+01 2.151100e-02
3.545073e+01 1.399802e+01 1.494164e+01 3.450711e+01
2.663360e+01 1.399802e+01 1.686017e+01 2.377146e+01
2.032611e+01 1.399802e+01 2.122180e+01 1.310233e+01
2.648818e+01 1.399802e+01 2.189668e+01 1.858953e+01
4.473067e+01 1.399802e+01 1.810382e+01 4.062487e+01
1.502095e+01 1.399802e+01 1.742306e+01 1.159592e+01
3.906428e+01 1.399802e+01 2.401266e+01 2.904964e+01
6.903193e+01 1.399802e+01 1.910582e+01 6.392413e+01
3.536331e+01 1.399802e+01 1.542496e+01 3.393638e+01
4.052145e+00 1.399802e+01 1.922370e+01 -1.173534e+00
5.724843e+00 0.000000e+00 1.493621e+01 -9.211363e+00
9.210799e+00 0.000000e+00 3.864144e+00 5.346655e+00
1.697068e+01 0.000000e+00 7.966435e+00 9.004241e+00
1.323827e+01 0.000000e+00 3.177481e+00 1.006079e+01
2.917043e+01 0.000000e+00 1.837893e+01 1.079151e+01
2.669318e+01 0.000000e+00 5.726678e+00 2.096650e+01
7.952015e+00 0.000000e+00 9.478839e+00 -1.526825e+00
1.917594e-02 0.000000e+00 1.123388e+00 -1.104212e+00
1.225491e+01 0.000000e+00 1.035117e+01 1.903747e+00
8.899306e-01 0.000000e+00 1.443521e+01 -1.354528e+01
-4.070533e+00 0.000000e+00 6.539766e-02 -4.135930e+00
3.191271e+01 0.000000e+00 4.483024e+00 2.742969e+01
4.979331e+01 0.000000e+00 6.620203e+00 4.317311e+01
2.212255e+01 0.000000e+00 7.842659e+00 1.427989e+01
1.425031e+01 0.000000e+00 1.308897e+01 1.161335e+00
1.467682e+01 0.000000e+00 1.020030e+01 4.476525e+00
2.949824e+01 0.000000e+00 3.486921e+00 2.601132e+01
1.876375e+01 0.000000e+00 1.841372e+01 3.500295e-01
2.521863e+01 0.000000e+00 6.743979e+00 1.847465e+01
6.892419e+01 0.000000e+00 5.355350e+00 6.356884e+01
2.275257e+01 0.000000e+00 7.461654e-01 2.200640e+01
4.320735e+00 0.000000e+00 9.395754e+00 -5.075018e+00
6.886495e+00 0.000000e+00 7.121201e+00 -2.347069e-01
3.178818e+01 0.000000e+00 1.194790e+01 1.984029e+01
1.286268e+01 0.000000e+00 1.487432e+01 -2.011642e+00
5.370230e+00 0.000000e+00 1.079028e+01 -5.420047e+00
2.038545e+01 0.000000e+00 5.045911e+00 1.533954e+01
1.000590e+01 0.000000e+00 -2.106576e+00 1.211248e+01
4.381967e+01 0.000000e+00 8.965485e+00 3.485419e+01
1.158242e+01 0.000000e+00 1.114335e+01 4.390668e-01
1.938534e+01 0.000000e+00 5.163792e+00 1.422155e+01
3.227158e+01 0.000000e+00 1.040070e+01 2.187088e+01
2.693887e+01 0.000000e+00 7.409444e+00 1.952943e+01
4.146736e+00 0.000000e+00 3.419138e+00 7.275974e-01
1.884420e+01 0.000000e+00 5.788566e+00 1.305563e+01
2.625526e+01 0.000000e+00 1.692252e+01 9.332744e+00
2.235271e+01 0.000000e+00 5.670685e+00 1.668203e+01
-3.867576e-01 0.000000e+00 7.155997e+00 -7.542754e+00
1.857303e+01 0.000000e+00 4.668688e+00 1.390434e+01
3.623692e+01 0.000000e+00 1.239936e+01 2.383755e+01
6.132851e+00 0.000000e+00 1.542541e+01 -9.292564e+00
-1.941407e+01 0.000000e+00 2.355100e+01 -4.296507e+01
4.607630e+01 0.000000e+00 6.539766e-02 4.601090e+01
1.314544e+02 0.000000e+00 8.405546e+00 1.230488e+02
4.381992e+01 0.000000e+00 8.838762e+00 3.498116e+01
5.314650e+01 0.000000e+00 9.522477e+00 4.362402e+01
