2.085766e+00 1.610400e+01 -1.958540e+01 3.777516e+01
-3.264102e+01 1.610400e+01 -1.865641e+01 2.119390e+00
-3.718811e+01 1.610400e+01 -1.840947e+01 -2.674647e+00
-9.132019e+00 1.610400e+01 -1.867185e+01 2.564383e+01
-8.508140e+00 1.610400e+01 -1.778128e+01 2.537714e+01
-2.023353e+01 1.610400e+01 -1.796915e+01 1.383961e+01
-1.242240e+00 1.610400e+01 -1.800534e+01 3.286710e+01
1.488678e+01 1.610400e+01 -1.906037e+01 5.005114e+01
-1.749787e+01 1.610400e+01 -1.728366e+01 1.588979e+01
-5.254832e+01 1.610400e+01 -1.932870e+01 -1.711562e+01
-1.311282e+01 1.610400e+01 -1.878468e+01 2.177585e+01
-1.640756e+01 1.610400e+01 -1.819561e+01 1.789204e+01
-3.177097e+01 1.610400e+01 -1.956464e+01 3.897665e+00
-1.090446e+01 1.610400e+01 -1.893210e+01 2.413163e+01
-2.643049e+01 1.610400e+01 -1.816820e+01 7.841710e+00
-2.401660e+01 1.610400e+01 -1.853986e+01 1.062725e+01
-5.007355e+01 1.610400e+01 -1.824288e+01 -1.572667e+01
-1.333504e+01 1.610400e+01 -1.888420e+01 2.165315e+01
1.445091e-01 1.610400e+01 -1.851644e+01 3.476495e+01
-2.478847e+01 1.610400e+01 -1.831367e+01 9.629194e+00
-3.478943e+01 1.610400e+01 -1.841905e+01 -2.663887e-01
-2.134590e+01 1.610400e+01 -1.871549e+01 1.347359e+01
-5.487483e+01 1.610400e+01 -1.868515e+01 -2.008568e+01
-1.390833e+01 1.610400e+01 -1.793846e+01 2.013412e+01
-1.568528e+01 1.610400e+01 -1.840361e+01 1.882233e+01
-1.298328e+00 0.000000e+00 -3.297787e+00 1.999459e+00
7.825144e+00 0.000000e+00 -2.510373e+00 1.033552e+01
-2.856774e+01 0.000000e+00 -2.665248e+00 -2.590250e+01
5.022228e+00 0.000000e+00 -2.353370e+00 7.375598e+00
-1.202944e+01 0.000000e+00 -2.508872e+00 -9.520572e+00
-1.624702e+01 0.000000e+00 -2.485359e+00 -1.376166e+01
1.501728e+00 0.000000e+00 -1.648545e+00 3.150274e+00
-3.820832e+01 0.000000e+00 -2.144741e+00 -3.606358e+01
-2.620890e+01 0.000000e+00 -1.776809e+00 -2.443209e+01
-1.683807e+01 0.000000e+00 -3.112044e+00 -1.372603e+01
-5.894762e+00 0.000000e+00 -2.045217e+00 -3.849545e+00
2.130499e+01 0.000000e+00 -2.414575e+00 2.371957e+01
6.864552e-01 0.000000e+00 -1.564455e+00 2.250910e+00
-2.261148e+01 0.000000e+00 -2.684408e+00 -1.992707e+01
2.536918e+00 0.000000e+00 -2.011251e+00 4.548168e+00
-5.154331e+00 0.000000e+00 -2.582755e+00 -2.571575e+00
6.487756e-01 0.000000e+00 -2.305470e+00 2.954246e+00
-1.067108e+01 0.000000e+00 -3.286079e+00 -7.384999e+00
2.670543e+00 0.000000e+00 -1.545295e+00 4.215838e+00
1.995671e+01 0.000000e+00 -2.542839e+00 2.249955e+01
5.072732e+00 0.000000e+00 -1.939838e+00 7.012570e+00
4.579285e+00 0.000000e+00 -2.707294e+00 7.286579e+00
-1.222917e+00 0.000000e+00 -1.750198e+00 5.272808e-01
1.384014e+01 0.000000e+00 -2.970474e+00 1.681061e+01
1.307598e+01 0.000000e+00 -3.307367e+00 1.638335e+01
-1.629475e+01 0.000000e+00 -1.972132e+00 -1.432261e+01
-8.417774e+00 0.000000e+00 -2.590738e+00 -5.827036e+00
-1.427476e+01 0.000000e+00 -2.118130e+00 -1.215663e+01
-7.026713e+00 0.000000e+00 -2.905544e+00 -4.121169e+00
3.950358e+01 0.000000e+00 -3.095013e+00 4.259859e+01
-3.297163e+00 0.000000e+00 -2.309196e+00 -9.879668e-01
-2.816053e+01 0.000000e+00 -3.209971e+00 -2.495056e+01
1.383979e+01 0.000000e+00 -2.751467e+00 1.659126e+01
-1.785226e+00 0.000000e+00 -2.052668e+00 2.674420e-01
-1.956668e+01 0.000000e+00 -2.475779e+00 -1.709090e+01
6.322832e-01 0.000000e+00 -3.253614e+00 3.885897e+00
-3.814735e+01 0.000000e+00 -2.757321e+00 -3.539003e+01
2.033821e+01 0.000000e+00 -2.527405e+00 2.286561e+01
-2.881431e+01 0.000000e+00 -2.385835e+00 -2.642847e+01
8.269256e+00 0.000000e+00 -1.723056e+00 9.992312e+00
-2.445777e+01 0.000000e+00 -2.958766e+00 -2.149900e+01
-3.288948e+01 0.000000e+00 -3.288036e+00 -2.960144e+01
-5.288408e+00 0.000000e+00 -2.045217e+00 -3.243191e+00
-4.860516e+00 0.000000e+00 -2.860571e+00 -1.999944e+00
1.554051e+01 0.000000e+00 -2.793512e+00 1.833402e+01
-5.818717e+01 0.000000e+00 -2.819325e+00 -5.536784e+01
