6.477688e+01 1.128579e+02 4.469309e+01 1.329417e+02
2.108343e+01 1.449039e+02 7.930315e+01 8.668422e+01
1.601794e+02 1.504772e+02 8.324474e+01 2.274118e+02
5.910267e+01 1.476906e+02 8.465376e+01 1.221395e+02
1.051903e+02 1.421173e+02 6.229914e+01 1.850085e+02
4.047423e+01 1.449039e+02 7.184538e+01 1.135328e+02
3.657900e+01 1.393307e+02 6.277579e+01 1.131339e+02
4.365159e+01 1.365441e+02 7.420657e+01 1.059891e+02
7.591627e+01 1.560504e+02 7.506676e+01 1.568999e+02
-1.538134e+01 9.892480e+01 2.283607e+01 6.070739e+01
5.691796e+01 1.421173e+02 7.744889e+01 1.215864e+02
7.200226e+01 1.295776e+02 4.999247e+01 1.515873e+02
5.923756e+01 1.212177e+02 5.911328e+01 1.213420e+02
6.111861e+01 1.393307e+02 7.606082e+01 1.243885e+02
8.116040e+01 1.393307e+02 6.673833e+01 1.537528e+02
1.506535e+02 1.532638e+02 9.139244e+01 2.125249e+02
8.320258e+01 1.532638e+02 8.416663e+01 1.522997e+02
1.064954e+02 1.393307e+02 7.489537e+01 1.709307e+02
8.307200e+01 1.421173e+02 7.092236e+01 1.542670e+02
1.782634e+02 1.504772e+02 8.091384e+01 2.478267e+02
3.887949e+01 1.504772e+02 8.347783e+01 1.058788e+02
1.146360e+02 1.365441e+02 6.581532e+01 1.853647e+02
9.813058e+01 1.449039e+02 8.000242e+01 1.630321e+02
1.107744e+02 1.588370e+02 8.670969e+01 1.829018e+02
8.286111e+01 1.476906e+02 7.812722e+01 1.524244e+02
1.941300e+01 1.212177e+02 4.019337e+01 1.004373e+02
1.289427e+02 1.476906e+02 6.829784e+01 2.083354e+02
1.142456e+02 1.393307e+02 5.714091e+01 1.964354e+02
7.174912e+01 1.504772e+02 6.945282e+01 1.527735e+02
1.418964e+02 1.184311e+02 2.528718e+01 2.350403e+02
1.441681e+02 1.449039e+02 6.271414e+01 2.263579e+02
4.089906e+01 1.421173e+02 4.664250e+01 1.363739e+02
4.155779e+01 1.560504e+02 7.432678e+01 1.232814e+02
5.152291e+01 1.393307e+02 4.478824e+01 1.460654e+02
4.776411e+01 1.240043e+02 4.064908e+01 1.311194e+02
2.787465e+01 1.588370e+02 7.688030e+01 1.098314e+02
1.181758e+02 1.476906e+02 6.596694e+01 1.998994e+02
4.073971e+01 1.476906e+02 5.454663e+01 1.338836e+02
1.630523e+02 1.393307e+02 5.760709e+01 2.447760e+02
3.978020e+01 1.323642e+02 3.805480e+01 1.340896e+02
2.386178e+01 1.365441e+02 5.015867e+01 1.102472e+02
7.272546e+01 1.504772e+02 6.828737e+01 1.549153e+02
2.401792e+00 1.156445e+02 2.995834e+01 8.808794e+01
8.017278e+01 1.476906e+02 5.408045e+01 1.737829e+02
9.681510e+01 1.449039e+02 6.411268e+01 1.776064e+02
7.503303e+01 1.588370e+02 7.431631e+01 1.595537e+02
4.004245e+01 1.365441e+02 5.318885e+01 1.233977e+02
3.443354e+01 1.449039e+02 5.409092e+01 1.252466e+02
1.106781e+02 1.295776e+02 4.715467e+01 1.931010e+02
5.593699e+01 1.212177e+02 4.042646e+01 1.367282e+02
5.701901e+01 1.365441e+02 4.456562e+01 1.489975e+02
7.876722e+01 1.449039e+02 6.527814e+01 1.583930e+02
5.323680e+01 1.616236e+02 8.362945e+01 1.312310e+02
8.349235e+01 1.351508e+02 5.552499e+01 1.631181e+02
6.435983e+01 1.295776e+02 5.018485e+01 1.437525e+02
1.020637e+02 1.476906e+02 6.340294e+01 1.863513e+02
8.712580e+01 1.295776e+02 5.298193e+01 1.637214e+02
1.175571e+02 1.393307e+02 5.923873e+01 1.976491e+02
4.090763e+01 1.532638e+02 6.711145e+01 1.270600e+02
4.237580e+01 1.449039e+02 6.248105e+01 1.247987e+02
3.216846e+01 1.184311e+02 3.414349e+01 1.164561e+02
7.187505e+01 1.421173e+02 6.435624e+01 1.496361e+02
2.207353e+01 1.421173e+02 5.876207e+01 1.054288e+02
4.057412e+01 1.476906e+02 6.526766e+01 1.229970e+02
4.367695e+01 1.365441e+02 3.850527e+01 1.417158e+02
6.912225e+01 1.240043e+02 3.691964e+01 1.562069e+02
-1.597493e+00 1.017114e+02 1.439476e+01 8.571917e+01
8.588993e+01 1.588370e+02 7.688030e+01 1.678466e+02
1.086643e+02 1.365441e+02 5.691829e+01 1.882901e+02
3.769527e+01 1.365441e+02 5.528666e+01 1.189527e+02
1.160269e+02 1.351508e+02 5.342717e+01 1.977506e+02
