2.783535e+01 4.535508e+01 3.285086e+01 4.033957e+01
1.460142e+00 5.823368e+01 1.929149e+01 4.040234e+01
3.165762e+01 6.047344e+01 1.748494e+01 7.464612e+01
1.670300e+00 5.935356e+01 1.749084e+01 4.353302e+01
3.347968e+01 5.711381e+01 2.329120e+01 6.730228e+01
2.001331e+01 5.823368e+01 2.037657e+01 5.787043e+01
1.052385e+01 5.599393e+01 2.354465e+01 4.297313e+01
2.652991e+01 5.487405e+01 2.178469e+01 5.961927e+01
3.017987e+01 6.271320e+01 1.800125e+01 7.489183e+01
-2.173510e+01 3.975569e+01 3.965911e+01 -2.163852e+01
2.644759e+01 5.711381e+01 2.016381e+01 6.339758e+01
5.068719e+01 5.207435e+01 2.826876e+01 7.449277e+01
1.198136e+02 4.871472e+01 2.788213e+01 1.406462e+02
2.119013e+01 5.599393e+01 2.091236e+01 5.627169e+01
8.516038e+00 5.599393e+01 2.249255e+01 4.201741e+01
3.545073e+01 6.159332e+01 1.494164e+01 8.210241e+01
2.663360e+01 6.159332e+01 1.686017e+01 7.136675e+01
2.032611e+01 5.599393e+01 2.122180e+01 5.509823e+01
2.648818e+01 5.711381e+01 2.189668e+01 6.170531e+01
4.473067e+01 6.047344e+01 1.810382e+01 8.710029e+01
1.502095e+01 6.047344e+01 1.742306e+01 5.807134e+01
3.906428e+01 5.487405e+01 2.401266e+01 6.992567e+01
6.903193e+01 5.823368e+01 1.910582e+01 1.081598e+02
3.536331e+01 6.383308e+01 1.542496e+01 8.377143e+01
4.052145e+00 5.935356e+01 1.922370e+01 4.418201e+01
5.724843e+00 4.871472e+01 1.493621e+01 3.950335e+01
9.210799e+00 5.935356e+01 3.864144e+00 6.470022e+01
1.697068e+01 5.599393e+01 7.966435e+00 6.499817e+01
1.323827e+01 6.047344e+01 3.177481e+00 7.053423e+01
2.917043e+01 4.759484e+01 1.837893e+01 5.838634e+01
2.669318e+01 5.823368e+01 5.726678e+00 7.920018e+01
7.952015e+00 5.711381e+01 9.478839e+00 5.558698e+01
1.917594e-02 6.271320e+01 1.123388e+00 6.160899e+01
1.225491e+01 5.599393e+01 1.035117e+01 5.789767e+01
8.899306e-01 4.983459e+01 1.443521e+01 3.628932e+01
-4.070533e+00 6.383308e+01 6.539766e-02 5.969715e+01
3.191271e+01 5.935356e+01 4.483024e+00 8.678325e+01
4.979331e+01 5.935356e+01 6.620203e+00 1.025267e+02
2.212255e+01 5.599393e+01 7.842659e+00 7.027382e+01
1.425031e+01 5.319423e+01 1.308897e+01 5.435557e+01
1.467682e+01 5.487405e+01 1.020030e+01 5.935057e+01
2.949824e+01 6.047344e+01 3.486921e+00 8.648476e+01
1.876375e+01 4.647496e+01 1.841372e+01 4.682499e+01
2.521863e+01 5.935356e+01 6.743979e+00 7.782821e+01
6.892419e+01 5.823368e+01 5.355350e+00 1.218025e+02
2.275257e+01 6.383308e+01 7.461654e-01 8.583948e+01
4.320735e+00 5.487405e+01 9.395754e+00 4.979903e+01
6.886495e+00 5.823368e+01 7.121201e+00 5.799898e+01
3.178818e+01 5.207435e+01 1.194790e+01 7.191464e+01
1.286268e+01 4.871472e+01 1.487432e+01 4.670307e+01
5.370230e+00 5.487405e+01 1.079028e+01 4.945400e+01
2.038545e+01 5.823368e+01 5.045911e+00 7.357322e+01
1.000590e+01 6.495295e+01 -2.106576e+00 7.706543e+01
4.381967e+01 5.431411e+01 8.965485e+00 8.916829e+01
1.158242e+01 5.207435e+01 1.114335e+01 5.251342e+01
1.938534e+01 5.935356e+01 5.163792e+00 7.357511e+01
3.227158e+01 5.207435e+01 1.040070e+01 7.394523e+01
2.693887e+01 5.599393e+01 7.409444e+00 7.552336e+01
4.146736e+00 6.159332e+01 3.419138e+00 6.232092e+01
1.884420e+01 5.823368e+01 5.788566e+00 7.128931e+01
2.625526e+01 4.759484e+01 1.692252e+01 5.692758e+01
2.235271e+01 5.711381e+01 5.670685e+00 7.379583e+01
-3.867576e-01 5.711381e+01 7.155997e+00 4.957105e+01
1.857303e+01 5.935356e+01 4.668688e+00 7.325790e+01
3.623692e+01 5.487405e+01 1.239936e+01 7.871160e+01
6.132851e+00 4.983459e+01 1.542541e+01 4.054203e+01
-1.941407e+01 4.087557e+01 2.355100e+01 -2.089499e+00
4.607630e+01 6.383308e+01 6.539766e-02 1.098440e+02
1.314544e+02 5.487405e+01 8.405546e+00 1.779229e+02
4.381992e+01 5.487405e+01 8.838762e+00 8.985521e+01
5.314650e+01 5.431411e+01 9.522477e+00 9.793813e+01
