6.650196e+00 0.000000e+00 1.652045e+01 -9.870250e+00
4.337419e+00 0.000000e+00 1.662410e+01 -1.228668e+01
1.066384e+01 0.000000e+00 1.834099e+01 -7.677146e+00
2.195713e+01 0.000000e+00 1.471878e+01 7.238357e+00
5.145000e+01 3.002196e+01 4.950440e+01 3.196756e+01
4.129830e+01 3.002196e+01 4.416820e+01 2.715206e+01
8.750647e+01 3.002196e+01 4.664461e+01 7.088383e+01
1.029281e+01 0.000000e+00 1.338164e+01 -3.088831e+00
6.997272e+01 3.002196e+01 5.141407e+01 4.858061e+01
7.989354e+00 3.002196e+01 4.348911e+01 -5.477791e+00
1.423410e+02 0.000000e+00 1.567035e+01 1.266706e+02
3.566309e+01 3.002196e+01 4.845281e+01 1.723224e+01
5.318363e+01 0.000000e+00 1.213872e+01 4.104491e+01
-1.447387e+00 0.000000e+00 1.433539e+01 -1.578278e+01
3.265733e+01 3.002196e+01 4.340433e+01 1.927496e+01
4.089365e+01 0.000000e+00 1.414842e+01 2.674523e+01
3.651478e+01 0.000000e+00 2.005715e+01 1.645763e+01
7.580576e+01 0.000000e+00 1.528841e+01 6.051735e+01
2.612515e+01 0.000000e+00 2.100727e+01 5.117882e+00
6.770664e-01 0.000000e+00 2.024703e+01 -1.956997e+01
5.166234e+00 0.000000e+00 1.815038e+01 -1.298415e+01
6.026576e+01 0.000000e+00 2.024340e+01 4.002236e+01
1.408343e+01 0.000000e+00 1.605228e+01 -1.968857e+00
2.165944e+01 0.000000e+00 2.291767e+01 -1.258237e+00
7.864177e+00 0.000000e+00 2.005570e+01 -1.219153e+01
2.109158e+01 0.000000e+00 1.061207e+01 1.047951e+01
3.638258e+01 0.000000e+00 1.109547e+01 2.528711e+01
3.810933e+01 0.000000e+00 1.280874e+01 2.530059e+01
2.855334e+00 0.000000e+00 1.262104e+01 -9.765702e+00
4.753520e+01 3.002196e+01 4.177693e+01 3.578023e+01
4.126860e+01 0.000000e+00 1.319140e+01 2.807720e+01
5.464972e+01 3.002196e+01 4.530928e+01 3.936240e+01
-1.908718e+01 0.000000e+00 1.357551e+01 -3.266269e+01
3.864209e+01 3.002196e+01 4.435554e+01 2.430852e+01
4.822735e+01 0.000000e+00 1.270944e+01 3.551791e+01
6.867075e+01 0.000000e+00 1.395744e+01 5.471331e+01
9.196141e-01 0.000000e+00 1.300152e+01 -1.208190e+01
8.281352e+00 3.002196e+01 4.378590e+01 -5.482584e+00
1.126495e+01 0.000000e+00 1.242753e+01 -1.162579e+00
3.064078e+01 3.002196e+01 4.368660e+01 1.697613e+01
3.683134e+01 0.000000e+00 1.604829e+01 2.078306e+01
3.725065e+01 0.000000e+00 1.357406e+01 2.367659e+01
-4.384536e+00 0.000000e+00 1.404150e+01 -1.842603e+01
3.489218e+01 3.002196e+01 4.416711e+01 2.074703e+01
2.155312e+01 0.000000e+00 1.204777e+01 9.505347e+00
-3.114396e+00 0.000000e+00 1.605409e+01 -1.916849e+01
-6.930622e+00 0.000000e+00 1.357043e+01 -2.050105e+01
3.921983e+01 3.002196e+01 4.168852e+01 2.755327e+01
3.667952e+01 0.000000e+00 1.232968e+01 2.434984e+01
-1.918293e+01 0.000000e+00 1.042146e+01 -2.960439e+01
8.727321e+00 3.002196e+01 4.206756e+01 -3.318272e+00
2.128030e+00 0.000000e+00 1.109475e+01 -8.966719e+00
4.534690e+00 0.000000e+00 1.090850e+01 -6.373809e+00
-2.988751e+00 0.000000e+00 1.042509e+01 -1.341384e+01
2.991767e+01 0.000000e+00 9.851827e+00 2.006584e+01
1.342856e+01 0.000000e+00 1.509817e+01 -1.669611e+00
2.033401e+01 0.000000e+00 7.564573e+00 1.276944e+01
3.579638e+01 0.000000e+00 1.109330e+01 2.470308e+01
4.493130e+01 0.000000e+00 1.700566e+01 2.792563e+01
5.615940e+01 0.000000e+00 1.338200e+01 4.277740e+01
1.508550e+01 0.000000e+00 1.308920e+01 1.996304e+00
4.669362e+01 0.000000e+00 9.378582e+00 3.731504e+01
3.922895e+01 0.000000e+00 1.395309e+01 2.527586e+01
1.887558e+01 0.000000e+00 1.357333e+01 5.302248e+00
8.928957e+01 3.002196e+01 4.702327e+01 7.228827e+01
3.100726e+01 0.000000e+00 1.575911e+01 1.524815e+01
4.641953e+00 3.002196e+01 3.586384e+01 -1.199921e+00
9.283681e+00 0.000000e+00 1.395744e+01 -4.673763e+00
-7.656900e+00 0.000000e+00 1.052076e+01 -1.817766e+01
-4.405932e+01 0.000000e+00 1.185499e+01 -5.591431e+01
6.193059e+01 0.000000e+00 1.214053e+01 4.979006e+01
