5.560297e+01 9.173075e+01 4.940301e+01 9.793070e+01
4.141490e+01 1.177777e+02 7.543686e+01 8.375578e+01
1.586112e+02 1.223077e+02 7.997515e+01 2.009437e+02
5.882211e+01 1.200427e+02 7.768867e+01 1.011761e+02
1.150711e+02 1.155128e+02 7.053497e+01 1.600490e+02
4.878193e+01 1.177777e+02 7.276525e+01 9.379442e+01
4.895932e+01 1.132478e+02 6.825327e+01 9.395388e+01
3.900942e+01 1.109829e+02 6.862526e+01 8.136705e+01
9.025097e+01 1.268376e+02 8.186573e+01 1.352228e+02
1.244925e+01 8.040596e+01 3.540901e+01 5.744620e+01
5.953505e+01 1.155128e+02 7.316713e+01 1.018807e+02
8.597649e+01 1.053205e+02 6.034147e+01 1.309555e+02
5.386860e+01 9.852562e+01 5.616680e+01 9.622742e+01
6.634368e+01 1.132478e+02 7.089500e+01 1.086965e+02
8.379885e+01 1.132478e+02 6.823295e+01 1.288137e+02
1.249546e+02 1.245726e+02 8.221261e+01 1.673146e+02
7.321496e+01 1.245726e+02 8.224967e+01 1.155379e+02
1.146840e+02 1.132478e+02 7.090097e+01 1.570309e+02
5.860020e+01 1.155128e+02 7.320060e+01 1.009124e+02
1.175973e+02 1.223077e+02 7.998710e+01 1.599179e+02
1.433025e+02 1.223077e+02 7.997395e+01 1.856362e+02
1.059579e+02 1.109829e+02 6.866830e+01 1.482724e+02
7.927752e+01 1.177777e+02 7.543328e+01 1.216220e+02
1.285550e+02 1.291025e+02 8.679513e+01 1.708624e+02
8.533089e+01 1.200427e+02 7.772215e+01 1.276515e+02
1.107213e+01 9.852562e+01 3.148578e+01 7.811197e+01
1.192649e+02 1.200427e+02 5.299450e+01 1.863131e+02
1.186942e+02 1.132478e+02 4.621398e+01 1.857281e+02
3.430145e+01 1.223077e+02 5.526783e+01 1.013413e+02
1.161003e+02 9.626066e+01 2.657313e+01 1.857878e+02
1.173668e+02 1.177777e+02 5.074389e+01 1.844007e+02
3.891835e+01 1.155128e+02 4.583722e+01 1.085939e+02
-2.178879e+00 1.268376e+02 5.980133e+01 6.485737e+01
4.928467e+01 1.132478e+02 4.356748e+01 1.189650e+02
5.633464e+01 1.007906e+02 3.376270e+01 1.233625e+02
1.656975e+01 1.291025e+02 6.206748e+01 8.360480e+01
9.669947e+01 1.200427e+02 5.300646e+01 1.637357e+02
2.553529e+01 1.200427e+02 5.035517e+01 9.522282e+01
1.886499e+02 1.132478e+02 4.621159e+01 2.556862e+02
2.091391e+00 1.075854e+02 3.790389e+01 7.177295e+01
5.439972e+01 1.109829e+02 4.397055e+01 1.214121e+02
5.575623e+01 1.223077e+02 5.527381e+01 1.227901e+02
-3.767838e+00 9.399570e+01 2.697978e+01 6.324808e+01
5.703895e+01 1.200427e+02 5.035757e+01 1.267241e+02
6.680237e+01 1.177777e+02 5.073672e+01 1.338434e+02
4.792488e+01 1.291025e+02 6.208063e+01 1.149468e+02
3.260581e+01 1.109829e+02 4.395500e+01 9.963369e+01
5.085344e+01 1.177777e+02 4.807826e+01 1.205529e+02
9.620678e+01 1.053205e+02 3.828783e+01 1.632394e+02
5.609853e+01 9.852562e+01 3.148459e+01 1.231396e+02
5.331744e+01 1.109829e+02 4.128937e+01 1.230109e+02
6.584009e+01 1.177777e+02 5.073074e+01 1.328871e+02
3.478271e+01 1.313675e+02 6.431211e+01 1.018381e+02
3.776455e+01 1.098504e+02 4.280339e+01 1.048116e+02
6.292337e+01 1.053205e+02 3.827228e+01 1.299716e+02
7.685588e+01 1.200427e+02 5.301961e+01 1.438790e+02
6.557283e+01 1.053205e+02 3.825794e+01 1.326354e+02
1.110758e+02 1.132478e+02 4.620322e+01 1.781204e+02
4.085170e+01 1.245726e+02 5.755909e+01 1.078652e+02
2.077968e+01 1.177777e+02 5.074509e+01 8.781234e+01
3.479555e+01 9.626066e+01 2.923757e+01 1.018186e+02
1.094106e+02 1.155128e+02 4.845622e+01 1.764671e+02
4.610767e+01 1.155128e+02 4.848492e+01 1.131355e+02
3.777333e+01 1.200427e+02 5.301005e+01 1.048060e+02
5.942252e+01 1.109829e+02 4.132045e+01 1.290849e+02
6.877303e+01 1.007906e+02 3.378183e+01 1.357818e+02
5.791392e+00 8.267092e+01 1.295350e+01 7.550881e+01
6.556252e+01 1.291025e+02 6.206748e+01 1.325976e+02
7.836104e+01 1.109829e+02 4.393587e+01 1.454080e+02
3.091997e+01 1.109829e+02 4.394424e+01 9.795861e+01
8.410778e+01 1.098504e+02 4.281415e+01 1.511440e+02
