3.930732e+01 1.315171e+01 2.561413e+01 2.684490e+01
1.268943e+01 1.315171e+01 2.549055e+01 3.505920e-01
1.003602e+01 1.315171e+01 2.459325e+01 -1.405524e+00
5.558687e+01 1.315171e+01 2.646669e+01 4.227189e+01
3.365778e+01 1.315171e+01 2.392579e+01 2.288370e+01
4.896545e+01 1.315171e+01 2.667063e+01 3.544653e+01
3.655094e+01 1.315171e+01 2.540618e+01 2.429647e+01
3.437992e+01 1.315171e+01 2.718041e+01 2.035121e+01
3.340613e+01 1.315171e+01 2.291080e+01 2.364703e+01
7.538054e+00 1.315171e+01 2.712136e+01 -6.431604e+00
3.077610e+01 1.315171e+01 2.598833e+01 1.793947e+01
3.974928e+01 1.315171e+01 2.449536e+01 2.840563e+01
3.635427e+01 1.315171e+01 2.785472e+01 2.165126e+01
1.294649e+01 1.315171e+01 2.668263e+01 -5.844338e-01
3.223612e+01 1.315171e+01 2.707663e+01 1.831120e+01
4.871919e+01 1.315171e+01 2.674853e+01 3.512237e+01
3.076980e+01 1.315171e+01 2.370242e+01 2.021909e+01
2.853857e+01 1.315171e+01 2.619133e+01 1.549895e+01
2.799348e+01 1.315171e+01 2.323701e+01 1.790817e+01
2.176302e+01 1.315171e+01 2.361063e+01 1.130410e+01
1.876452e+01 1.315171e+01 2.469151e+01 7.224721e+00
1.981893e+01 1.315171e+01 2.364300e+01 9.327637e+00
2.929541e+01 1.315171e+01 2.578533e+01 1.666179e+01
2.757942e+01 1.315171e+01 2.221555e+01 1.851558e+01
2.119758e+01 1.315171e+01 2.371537e+01 1.063392e+01
9.912542e+00 0.000000e+00 1.303257e+01 -3.120026e+00
2.762849e+01 0.000000e+00 1.272541e+01 1.490308e+01
2.530647e+01 0.000000e+00 1.186048e+01 1.344599e+01
2.491230e+01 0.000000e+00 1.193285e+01 1.297945e+01
1.782170e+01 0.000000e+00 1.235216e+01 5.469546e+00
1.149663e+01 0.000000e+00 1.165101e+01 -1.543863e-01
1.225254e+01 0.000000e+00 1.047930e+01 1.773241e+00
-5.167807e+00 0.000000e+00 1.142859e+01 -1.659640e+01
8.617399e+00 0.000000e+00 1.097708e+01 -2.359678e+00
1.536014e+01 0.000000e+00 1.194522e+01 3.414919e+00
1.831952e+01 0.000000e+00 1.122560e+01 7.093919e+00
2.884804e+00 0.000000e+00 1.174280e+01 -8.857996e+00
1.482538e+01 0.000000e+00 1.125244e+01 3.572944e+00
3.982279e+01 0.000000e+00 1.205701e+01 2.776579e+01
4.102870e+00 0.000000e+00 1.133718e+01 -7.234306e+00
1.870762e+01 0.000000e+00 1.019651e+01 8.511112e+00
1.293425e+01 0.000000e+00 1.144154e+01 1.492706e+00
6.173014e-01 0.000000e+00 1.127681e+01 -1.065951e+01
2.321741e+01 0.000000e+00 1.105592e+01 1.216150e+01
2.079869e+01 0.000000e+00 1.224058e+01 8.558110e+00
4.998355e+00 0.000000e+00 1.014472e+01 -5.146367e+00
1.183934e+01 0.000000e+00 1.147391e+01 3.654345e-01
-1.612790e+00 0.000000e+00 1.233979e+01 -1.395258e+01
2.397567e+01 0.000000e+00 1.212879e+01 1.184687e+01
8.598531e+00 0.000000e+00 1.313083e+01 -4.532298e+00
8.043390e+00 0.000000e+00 1.216269e+01 -4.119298e+00
3.118332e+01 0.000000e+00 1.273189e+01 1.845143e+01
1.209553e+01 0.000000e+00 1.279131e+01 -6.957775e-01
1.905240e+01 0.000000e+00 1.309846e+01 5.953938e+00
3.294123e+01 0.000000e+00 1.340619e+01 1.953504e+01
1.933384e+01 0.000000e+00 1.066192e+01 8.671919e+00
2.575918e+01 0.000000e+00 1.458533e+01 1.117385e+01
2.510396e+01 0.000000e+00 1.274484e+01 1.235912e+01
1.082932e+01 0.000000e+00 9.666362e+00 1.162962e+00
1.004411e+01 0.000000e+00 1.155275e+01 -1.508645e+00
1.777693e+01 0.000000e+00 1.176164e+01 6.015283e+00
2.836925e+01 0.000000e+00 1.362271e+01 1.474654e+01
5.059612e+00 0.000000e+00 1.126444e+01 -6.204828e+00
2.605216e+01 0.000000e+00 1.144802e+01 1.460415e+01
2.220630e+01 0.000000e+00 9.607890e+00 1.259841e+01
3.111309e+01 0.000000e+00 1.037303e+01 2.074005e+01
-2.700323e+00 0.000000e+00 1.543711e+01 -1.813743e+01
1.646110e+01 0.000000e+00 1.122560e+01 5.235502e+00
1.816823e+01 0.000000e+00 1.304609e+01 5.122138e+00
1.294810e+01 0.000000e+00 1.235826e+01 5.898398e-01
1.901148e+01 0.000000e+00 1.221411e+01 6.797376e+00
