8.157992e+01 0.000000e+00 5.866757e+01 2.291234e+01
5.390783e+01 0.000000e+00 4.905387e+01 4.853966e+00
2.213603e+01 0.000000e+00 4.690916e+01 -2.477314e+01
1.694931e+02 0.000000e+00 4.875061e+01 1.207425e+02
1.503535e+01 2.099722e+01 2.809470e+01 7.937874e+00
5.846868e+01 2.099722e+01 2.874618e+01 5.071972e+01
2.093925e+01 2.099722e+01 2.972399e+01 1.221248e+01
2.976060e+01 0.000000e+00 5.245657e+01 -2.269597e+01
8.645914e+01 2.099722e+01 2.339595e+01 8.406041e+01
3.642396e+01 2.099722e+01 4.268735e+01 1.473382e+01
1.041518e+02 0.000000e+00 5.015274e+01 5.399909e+01
5.209045e+01 2.099722e+01 3.213793e+01 4.094973e+01
1.151652e+02 0.000000e+00 5.738652e+01 5.777869e+01
4.562963e+01 0.000000e+00 5.135770e+01 -5.728072e+00
1.145294e+02 2.099722e+01 3.062568e+01 1.049010e+02
1.163140e+02 0.000000e+00 4.724240e+01 6.907160e+01
3.733046e+01 0.000000e+00 4.559812e+01 -8.267661e+00
6.554592e+01 0.000000e+00 5.109249e+01 1.445343e+01
1.169953e+02 0.000000e+00 4.866759e+01 6.832774e+01
7.853132e+01 0.000000e+00 4.637875e+01 3.215257e+01
3.033866e+01 0.000000e+00 4.696220e+01 -1.662355e+01
1.108302e+02 0.000000e+00 5.054709e+01 6.028315e+01
5.281693e+01 0.000000e+00 4.921299e+01 3.603935e+00
3.352818e+01 0.000000e+00 4.313517e+01 -9.606989e+00
6.691809e+01 0.000000e+00 4.726546e+01 1.965263e+01
5.156852e+01 0.000000e+00 5.627301e+01 -4.704484e+00
6.222771e+01 0.000000e+00 4.822056e+01 1.400715e+01
8.464136e+01 0.000000e+00 5.024419e+01 3.439717e+01
3.291272e+01 0.000000e+00 4.696256e+01 -1.404984e+01
9.139776e+01 2.099722e+01 3.579121e+01 7.660377e+01
7.000324e+01 0.000000e+00 4.847077e+01 2.153247e+01
2.054768e+01 2.099722e+01 2.772377e+01 1.382113e+01
-3.003050e+00 0.000000e+00 4.503002e+01 -4.803307e+01
6.333194e+01 2.099722e+01 2.882264e+01 5.550651e+01
3.883476e+01 0.000000e+00 5.485589e+01 -1.602112e+01
2.851347e+01 0.000000e+00 4.409027e+01 -1.557680e+01
1.203587e+02 0.000000e+00 4.769015e+01 7.266859e+01
1.177791e+02 2.099722e+01 2.648076e+01 1.122956e+02
1.108433e+02 0.000000e+00 5.035027e+01 6.049305e+01
1.185385e+01 2.099722e+01 3.109246e+01 1.758613e+00
5.928571e+01 0.000000e+00 5.017616e+01 9.109551e+00
1.080996e+02 0.000000e+00 4.669735e+01 6.140226e+01
6.270065e+01 0.000000e+00 5.698560e+01 5.715043e+00
5.890873e+01 2.099722e+01 2.637468e+01 5.353128e+01
8.332582e+01 0.000000e+00 4.878902e+01 3.453680e+01
6.486036e+01 0.000000e+00 4.350681e+01 2.135354e+01
9.292771e+01 0.000000e+00 5.086570e+01 4.206201e+01
-1.466665e+01 2.099722e+01 2.789788e+01 -2.156731e+01
6.005889e+01 0.000000e+00 5.329463e+01 6.764262e+00
3.015278e+01 0.000000e+00 5.632605e+01 -2.617327e+01
5.046335e+01 2.099722e+01 3.029280e+01 4.116777e+01
8.846564e+01 0.000000e+00 4.905422e+01 3.941141e+01
4.630129e+01 0.000000e+00 4.410526e+01 2.196037e+00
8.705270e+01 0.000000e+00 5.215771e+01 3.489499e+01
8.412231e+01 0.000000e+00 5.398417e+01 3.013815e+01
2.706681e+01 0.000000e+00 4.710669e+01 -2.003988e+01
6.483713e+01 0.000000e+00 5.462066e+01 1.021647e+01
7.413734e+01 0.000000e+00 5.072156e+01 2.341578e+01
6.042892e+01 0.000000e+00 4.490895e+01 1.551997e+01
4.092751e+01 0.000000e+00 4.841773e+01 -7.490224e+00
8.699008e+01 0.000000e+00 5.641714e+01 3.057294e+01
9.908763e+01 0.000000e+00 5.036526e+01 4.872237e+01
3.506273e+01 0.000000e+00 4.909228e+01 -1.402955e+01
6.142215e+01 0.000000e+00 4.753102e+01 1.389113e+01
5.720908e+01 2.099722e+01 2.891374e+01 4.929256e+01
9.128417e+01 0.000000e+00 5.400723e+01 3.727694e+01
3.045485e+00 2.099722e+01 4.243749e+01 -1.839479e+01
3.566951e+01 0.000000e+00 4.409027e+01 -8.420759e+00
6.091212e+01 0.000000e+00 5.171435e+01 9.197770e+00
7.749659e+01 0.000000e+00 5.134306e+01 2.615353e+01
9.316188e+01 0.000000e+00 5.168034e+01 4.148155e+01
