8.026315e+01 4.370714e+01 5.143791e+01 7.253238e+01
1.097001e+00 3.347781e+01 4.864594e+01 -1.407113e+01
-2.350615e+00 3.998738e+01 5.644897e+01 -1.881221e+01
1.076279e+02 2.324848e+01 3.906334e+01 9.181305e+01
1.231802e+02 4.835684e+01 7.256780e+01 9.896923e+01
9.889659e+01 2.138860e+01 4.624629e+01 7.403890e+01
7.796645e+01 3.533769e+01 5.890192e+01 5.440221e+01
9.005389e+01 2.045866e+01 3.368661e+01 7.682594e+01
7.101939e+01 5.300653e+01 8.045113e+01 4.357479e+01
1.762601e+01 3.347781e+01 4.766449e+01 3.439321e+00
3.899012e+01 2.975805e+01 4.427946e+01 2.446871e+01
1.078790e+02 4.742690e+01 6.872758e+01 8.657827e+01
-3.774375e+00 1.952872e+01 2.919967e+01 -1.344533e+01
4.591114e+00 2.417842e+01 3.805310e+01 -9.283567e+00
-3.223301e-01 1.952872e+01 4.309295e+01 -2.388656e+01
5.828498e+01 1.859878e+01 3.570710e+01 4.117666e+01
4.539310e+01 4.742690e+01 6.453521e+01 2.828478e+01
1.229567e+02 2.882811e+01 4.270279e+01 1.090820e+02
9.704799e+01 5.579635e+01 7.031776e+01 8.252658e+01
6.957555e+01 4.928677e+01 6.574837e+01 5.311396e+01
4.630469e+01 3.905744e+01 5.551903e+01 2.984310e+01
7.395404e+01 5.393647e+01 6.716442e+01 6.072609e+01
6.845795e+01 3.068799e+01 4.585613e+01 5.328982e+01
6.744315e+01 5.951611e+01 7.791788e+01 4.904137e+01
8.551189e+01 4.928677e+01 6.510164e+01 6.969702e+01
1.107219e+02 3.533769e+01 4.108103e+01 1.049785e+02
4.275841e+01 2.882811e+01 4.071536e+01 3.087116e+01
-5.010393e-01 3.998738e+01 4.993445e+01 -1.044811e+01
1.965189e+01 3.533769e+01 4.787167e+01 7.117914e+00
4.210858e+01 4.184726e+01 5.663343e+01 2.732242e+01
1.405265e+02 3.998738e+01 5.122791e+01 1.292859e+02
1.586046e+02 5.114665e+01 7.143000e+01 1.383213e+02
1.960547e+01 3.812751e+01 5.195494e+01 5.778038e+00
6.450190e+01 4.742690e+01 6.706352e+01 4.486528e+01
7.965232e+01 4.463708e+01 5.102715e+01 7.326225e+01
3.752032e+01 3.905744e+01 5.353160e+01 2.304616e+01
-1.721294e+01 3.812751e+01 5.001476e+01 -2.910019e+01
3.065650e+01 4.184726e+01 6.342406e+01 9.079701e+00
1.133218e+02 3.812751e+01 4.807457e+01 1.033747e+02
3.604074e+01 4.649696e+01 6.451676e+01 1.802094e+01
1.087544e+02 5.672629e+01 6.602663e+01 9.945402e+01
7.477798e+01 3.998738e+01 5.252136e+01 6.224401e+01
2.535915e+01 5.393647e+01 5.838636e+01 2.090926e+01
3.575209e+01 4.370714e+01 6.528394e+01 1.417528e+01
5.659768e+01 3.440775e+01 4.564827e+01 4.535715e+01
1.631191e+01 4.928677e+01 6.376094e+01 1.837752e+00
4.979279e+01 4.463708e+01 5.393742e+01 4.049245e+01
1.001860e+02 3.254787e+01 5.347795e+01 7.925594e+01
5.405769e+01 4.091732e+01 4.860084e+01 4.637417e+01
-3.229962e+01 3.440775e+01 4.015109e+01 -3.804296e+01
1.566781e+01 3.719757e+01 5.618746e+01 -3.322084e+00
4.602482e+01 2.975805e+01 4.099858e+01 3.478430e+01
5.408123e+01 2.324848e+01 3.836937e+01 3.896034e+01
5.387181e+01 2.975805e+01 3.873503e+01 4.489484e+01
1.375081e+02 2.882811e+01 3.651164e+01 1.298246e+02
5.051019e+01 4.835684e+01 6.024409e+01 3.862294e+01
7.091447e+01 1.766884e+01 2.535237e+01 6.323095e+01
3.710592e+01 3.161793e+01 4.156500e+01 2.715885e+01
1.386455e+02 5.579635e+01 6.897705e+01 1.254648e+02
3.647605e+01 4.091732e+01 5.215785e+01 2.523552e+01
6.475324e+01 4.835684e+01 5.345345e+01 5.965663e+01
2.492375e+01 2.231854e+01 3.291234e+01 1.432995e+01
7.864850e+01 4.463708e+01 5.523087e+01 6.805470e+01
2.236104e+02 4.091732e+01 5.280457e+01 2.117231e+02
9.022920e+01 6.137598e+01 8.036588e+01 7.123931e+01
5.400761e+01 5.951611e+01 6.590617e+01 4.761754e+01
7.597505e+00 1.859878e+01 2.950458e+01 -3.308295e+00
4.989136e+01 3.905744e+01 5.353160e+01 3.541720e+01
8.447931e+01 2.975805e+01 3.905839e+01 7.517897e+01
7.307902e+01 3.626763e+01 4.556797e+01 6.377868e+01
1.168946e+02 3.812751e+01 4.710448e+01 1.079176e+02
