2.854067e+01 5.383103e+01 2.892200e+01 5.344969e+01
-3.413807e+00 6.911638e+01 1.414654e+01 5.155603e+01
-3.314390e+00 7.177470e+01 1.116374e+01 5.729657e+01
6.046556e+01 7.044554e+01 1.332728e+01 1.175838e+02
5.586622e+00 6.778722e+01 1.101767e+01 6.235617e+01
3.266313e+01 6.911638e+01 1.103278e+01 9.074673e+01
2.007354e+01 6.645806e+01 1.299579e+01 7.353581e+01
1.091576e+01 6.512890e+01 1.878298e+01 5.726167e+01
1.866542e+01 7.443303e+01 4.140097e+00 8.895835e+01
-4.630583e+00 4.718522e+01 3.236134e+01 1.019330e+01
3.429590e+01 6.778722e+01 1.566112e+01 8.642200e+01
2.461990e+01 6.180600e+01 1.704525e+01 6.938064e+01
4.005344e+01 5.781851e+01 2.613972e+01 7.173223e+01
1.315183e+01 6.645806e+01 1.726841e+01 6.234149e+01
2.218772e+01 6.645806e+01 1.378381e+01 7.486197e+01
2.545281e+01 7.310387e+01 1.090073e+01 8.765595e+01
1.205186e+01 7.310387e+01 9.463748e+00 7.569197e+01
3.323610e+01 6.645806e+01 1.703664e+01 8.265752e+01
2.898032e+01 6.778722e+01 1.436321e+01 8.240434e+01
1.712073e+01 7.177470e+01 1.070020e+01 7.819523e+01
-3.770834e+00 7.177470e+01 1.121010e+01 5.679377e+01
2.207420e+01 6.512890e+01 1.711424e+01 7.008886e+01
1.245003e+01 6.911638e+01 1.428561e+01 6.728081e+01
3.777677e+00 7.576219e+01 6.202823e+00 7.333704e+01
1.522126e+01 7.044554e+01 1.202936e+01 7.363744e+01
1.879208e+01 5.781851e+01 2.167061e+01 5.493997e+01
1.434326e+01 7.044554e+01 9.368062e+00 7.542074e+01
1.992437e+01 6.645806e+01 1.279930e+01 7.358313e+01
3.813756e+00 7.177470e+01 7.714422e+00 6.787404e+01
3.190058e+01 5.648935e+01 1.895893e+01 6.943100e+01
-6.464556e+00 6.911638e+01 1.014097e+01 5.251085e+01
2.100894e+01 6.778722e+01 7.197520e+00 8.159864e+01
-1.266347e+01 7.443303e+01 4.917038e+00 5.685252e+01
1.257180e+01 6.645806e+01 8.712098e+00 7.031777e+01
2.274110e+01 5.914767e+01 1.987791e+01 6.201086e+01
5.524391e+00 7.576219e+01 3.541523e+00 7.774506e+01
9.817222e+00 7.044554e+01 8.904521e+00 7.135824e+01
1.823122e+01 7.044554e+01 5.002739e+00 8.367402e+01
3.045287e+01 6.645806e+01 1.289200e+01 8.401892e+01
4.060615e+00 6.313516e+01 1.208135e+01 5.511442e+01
2.283305e+01 6.512890e+01 1.329408e+01 7.466787e+01
1.991471e+01 7.177470e+01 7.482652e+00 8.420676e+01
1.282144e+01 5.516019e+01 2.340186e+01 4.457978e+01
6.714416e+00 7.044554e+01 4.910031e+00 7.224993e+01
1.857039e+01 6.911638e+01 1.041910e+01 7.726767e+01
1.486944e+00 7.576219e+01 3.031628e+00 7.421750e+01
2.715803e+01 6.512890e+01 1.389669e+01 7.839025e+01
-4.347667e+01 6.911638e+01 6.795441e+00 1.884427e+01
2.089353e+01 6.180600e+01 1.740501e+01 6.529452e+01
1.345083e+01 5.781851e+01 2.171697e+01 4.955237e+01
9.568706e+00 6.512890e+01 1.055115e+01 6.414645e+01
2.139857e+01 6.911638e+01 1.065087e+01 7.986408e+01
3.120328e+00 7.709135e+01 3.000381e+00 7.721130e+01
3.263003e+01 6.446432e+01 1.530293e+01 8.179142e+01
3.737139e+01 6.180600e+01 1.800761e+01 8.116978e+01
5.486585e+00 7.044554e+01 8.394626e+00 6.753750e+01
2.413103e+01 6.180600e+01 1.856386e+01 6.737316e+01
1.407633e+01 6.645806e+01 1.321648e+01 6.731790e+01
-3.001870e+00 7.310387e+01 5.365471e+00 6.473652e+01
5.740220e+00 6.911638e+01 1.009462e+01 6.476198e+01
3.791685e+01 5.648935e+01 2.235082e+01 7.205538e+01
3.719783e+01 6.778722e+01 1.235086e+01 9.263419e+01
6.182403e+00 6.778722e+01 1.123837e+01 6.273126e+01
3.762943e+00 7.044554e+01 8.765459e+00 6.544303e+01
3.143697e+01 6.512890e+01 9.345948e+00 8.721992e+01
3.408080e+01 5.914767e+01 1.913625e+01 7.409222e+01
-7.127058e+00 4.851438e+01 2.809275e+01 1.329457e+01
1.724309e+01 7.576219e+01 3.541523e+00 8.946375e+01
1.439043e+01 6.512890e+01 1.463835e+01 6.488097e+01
1.263275e+01 6.512890e+01 1.431387e+01 6.344777e+01
3.420141e+01 6.446432e+01 1.488575e+01 8.377998e+01
