-1.992378e+01 6.467521e+01 -1.160985e+01 5.636127e+01
9.638965e-01 6.467521e+01 -1.613195e+00 6.725230e+01
6.110994e+00 6.467521e+01 1.981971e+00 6.880423e+01
-2.557944e+00 6.467521e+01 -2.836013e+00 6.495327e+01
5.421485e+00 6.467521e+01 -2.078925e-01 7.030458e+01
-3.730020e+01 6.467521e+01 -5.180174e+00 3.255518e+01
2.543987e+00 6.467521e+01 -4.192663e+00 7.141186e+01
-3.225465e+01 6.467521e+01 -7.735007e+00 4.015556e+01
-4.670161e+00 6.467521e+01 6.176229e+00 5.382882e+01
-2.015515e+01 6.467521e+01 -2.010282e+01 6.462288e+01
9.299886e-01 6.467521e+01 -3.514930e+00 6.912012e+01
1.580001e+00 6.467521e+01 -5.224540e+00 7.147975e+01
-6.017293e+00 6.467521e+01 -1.382018e+01 7.247809e+01
7.743033e+00 6.467521e+01 -5.833272e+00 7.825151e+01
1.170097e+01 6.467521e+01 -7.733823e+00 8.411000e+01
1.077699e+01 6.467521e+01 -1.740489e+00 7.719268e+01
7.756128e+00 6.467521e+01 4.716920e+00 6.771441e+01
-1.147343e+01 6.467521e+01 -4.791754e+00 5.799353e+01
9.707498e+00 6.467521e+01 2.317569e+00 7.206514e+01
6.441082e+00 6.467521e+01 4.065007e+00 6.705128e+01
4.581579e+00 6.467521e+01 1.773668e+00 6.748312e+01
-8.632927e+00 6.467521e+01 -2.360799e-01 5.627836e+01
-1.220161e+01 6.467521e+01 -2.238106e+00 5.471170e+01
8.395052e+00 6.467521e+01 9.561908e+00 6.350835e+01
-4.332265e+00 6.467521e+01 2.996486e+00 5.734646e+01
-1.832685e+01 6.467521e+01 -1.027902e+01 5.662737e+01
2.801392e+00 6.467521e+01 -1.586192e+00 6.906279e+01
-7.537987e+00 6.467521e+01 -2.292112e+00 5.942933e+01
-2.910265e+00 6.467521e+01 9.404537e-01 6.082449e+01
-2.090897e+01 6.467521e+01 -1.074844e+01 5.451468e+01
8.158383e+00 6.467521e+01 -1.550703e-01 7.298866e+01
-1.458265e+00 6.467521e+01 4.170180e-01 6.279992e+01
1.324658e+01 6.467521e+01 3.702406e+00 7.421938e+01
-1.510478e+00 6.467521e+01 -1.484717e+00 6.464945e+01
-3.458110e+00 6.467521e+01 -7.127459e+00 6.834456e+01
4.804089e+00 6.467521e+01 4.979230e+00 6.450006e+01
-1.076232e+01 6.467521e+01 4.968435e-01 5.341605e+01
3.937001e+01 6.467521e+01 4.710244e-01 1.035742e+02
6.193374e+00 6.467521e+01 -2.708719e+00 7.357730e+01
-1.156414e+00 6.467521e+01 -4.364323e+00 6.788311e+01
4.267558e+00 6.467521e+01 3.888307e-01 6.855393e+01
-1.228464e+01 6.467521e+01 1.981971e+00 5.040859e+01
-2.203566e+00 6.467521e+01 -8.249986e+00 7.072163e+01
-1.230501e+01 6.467521e+01 8.876315e-01 5.148257e+01
-2.382015e+01 6.467521e+01 -1.404892e+00 4.225995e+01
7.209946e+00 6.467521e+01 7.270569e+00 6.461458e+01
