2.699268e+01 0.000000e+00 2.522736e+01 1.765323e+00
4.985238e+01 0.000000e+00 2.605641e+01 2.379597e+01
5.561224e+01 0.000000e+00 2.779103e+01 2.782122e+01
5.267404e+01 0.000000e+00 2.433636e+01 2.833768e+01
4.775268e+01 1.742188e+01 4.609054e+01 1.908402e+01
5.116015e+01 1.742188e+01 4.115859e+01 2.742344e+01
6.244728e+01 1.742188e+01 4.334962e+01 3.651953e+01
5.473917e+00 0.000000e+00 2.282995e+01 -1.735604e+01
4.235938e+01 1.742188e+01 4.819659e+01 1.158467e+01
5.239823e+01 1.742188e+01 3.947255e+01 3.034756e+01
3.014250e+01 0.000000e+00 2.509988e+01 5.042612e+00
7.942067e+00 1.742188e+01 4.481962e+01 -1.945568e+01
4.295844e+01 0.000000e+00 2.131627e+01 2.164217e+01
6.365311e+01 0.000000e+00 2.378648e+01 3.986663e+01
1.603675e+01 1.742188e+01 4.031617e+01 -6.857532e+00
3.639420e+01 0.000000e+00 2.392971e+01 1.246449e+01
3.789627e+01 0.000000e+00 2.946131e+01 8.434961e+00
1.220212e+01 0.000000e+00 2.467867e+01 -1.247656e+01
4.640055e+01 0.000000e+00 3.009617e+01 1.630439e+01
4.293715e+01 0.000000e+00 2.957541e+01 1.336174e+01
1.795916e+01 0.000000e+00 2.761259e+01 -9.653431e+00
3.719115e+01 0.000000e+00 2.925374e+01 7.937403e+00
3.257315e+01 0.000000e+00 2.552110e+01 7.052056e+00
3.760141e+01 0.000000e+00 3.226655e+01 5.334851e+00
1.997491e+01 0.000000e+00 2.933264e+01 -9.357734e+00
4.238055e+01 0.000000e+00 2.434972e+01 1.803083e+01
4.980930e+01 0.000000e+00 2.540699e+01 2.440231e+01
3.536720e+01 0.000000e+00 2.681994e+01 8.547267e+00
4.793222e+01 0.000000e+00 2.689883e+01 2.103338e+01
8.218883e+01 1.742188e+01 4.277790e+01 5.683281e+01
2.805978e+01 0.000000e+00 2.730548e+01 7.542964e-01
6.246205e+01 1.742188e+01 4.662585e+01 3.325808e+01
5.965450e+01 0.000000e+00 2.791969e+01 3.173480e+01
5.554290e+01 1.742188e+01 4.566933e+01 2.729545e+01
2.011668e+01 0.000000e+00 2.637688e+01 -6.260204e+00
3.579081e+01 0.000000e+00 2.834090e+01 7.449909e+00
3.929223e+01 0.000000e+00 2.719138e+01 1.210085e+01
4.659517e+01 1.742188e+01 4.532701e+01 1.869004e+01
5.417214e+01 0.000000e+00 2.646306e+01 2.770908e+01
6.823988e+01 1.742188e+01 4.488396e+01 4.077780e+01
4.947280e+01 0.000000e+00 2.978906e+01 1.968374e+01
1.806372e+00 0.000000e+00 2.779103e+01 -2.598465e+01
2.874724e+01 0.000000e+00 2.743295e+01 1.314285e+00
5.799442e+01 1.742188e+01 4.568389e+01 2.973241e+01
5.108510e+01 0.000000e+00 2.623485e+01 2.485025e+01
4.865212e+01 0.000000e+00 3.030373e+01 1.834839e+01
