5.672976e+00 3.348245e+01 1.285786e+01 2.629757e+01
1.356279e+01 2.564613e+01 3.264379e+00 3.594454e+01
2.013119e+01 3.063288e+01 7.945533e+00 4.281854e+01
7.467691e-01 1.780982e+01 -4.724737e+00 2.328132e+01
1.478947e+01 3.704442e+01 1.290084e+01 3.893305e+01
-2.315115e+01 1.638503e+01 -7.911343e+00 1.145218e+00
5.612357e+00 2.707092e+01 3.080141e+00 2.960314e+01
-3.119361e+01 1.567264e+01 -6.250727e+00 -9.270248e+00
6.253057e+00 4.060638e+01 1.569882e+01 3.116062e+01
8.294665e+00 2.564613e+01 3.870911e+00 3.006989e+01
8.891722e+00 2.279656e+01 5.676056e-01 3.112068e+01
1.314081e+01 3.633202e+01 1.287603e+01 3.659680e+01
1.319233e+01 1.496024e+01 -6.122736e+00 3.427531e+01
1.785105e+01 1.852221e+01 -3.553953e+00 3.992721e+01
-7.487930e+00 1.496024e+01 -9.030534e+00 1.650285e+01
1.190722e+01 1.424785e+01 -8.592294e+00 3.474736e+01
2.459421e+01 3.633202e+01 1.349188e+01 4.743436e+01
-5.675153e+00 2.208417e+01 8.009994e-03 1.640101e+01
1.182849e+01 4.274356e+01 2.051460e+01 3.405745e+01
2.093277e+01 3.775681e+01 1.506946e+01 4.362012e+01
2.742450e+00 2.992049e+01 7.233141e+00 2.542980e+01
3.027444e+01 4.131877e+01 1.939541e+01 5.219781e+01
-1.888726e+01 2.350896e+01 1.127201e+00 3.494494e+00
2.900256e+01 4.559313e+01 2.244739e+01 5.214830e+01
5.032646e+00 3.775681e+01 1.522226e+01 2.756720e+01
5.503518e+00 2.707092e+01 5.987939e+00 2.658650e+01
6.227597e+00 2.208417e+01 -4.503809e-01 2.876215e+01
4.768276e+00 3.063288e+01 8.556721e+00 2.684444e+01
1.577900e+01 2.707092e+01 4.383570e+00 3.846635e+01
3.088486e+01 3.205767e+01 9.212866e+00 5.372966e+01
5.281744e+00 3.063288e+01 8.251127e+00 2.766350e+01
1.671952e+01 3.918159e+01 1.503802e+01 4.086310e+01
2.210646e+01 2.920810e+01 6.215154e+00 4.509940e+01
1.076309e+01 3.633202e+01 1.234124e+01 3.475387e+01
1.411558e+01 3.419485e+01 1.295907e+01 3.535136e+01
1.696363e+01 2.992049e+01 6.774750e+00 4.010937e+01
3.495924e+01 2.920810e+01 6.673545e+00 5.749379e+01
1.443069e+01 3.205767e+01 7.608498e+00 3.887986e+01
4.897605e+00 2.920810e+01 7.131936e+00 2.697377e+01
2.167007e+01 3.561963e+01 1.201084e+01 4.527885e+01
2.868427e+01 4.345595e+01 2.153259e+01 5.060763e+01
-1.022486e+01 3.063288e+01 7.945533e+00 1.246249e+01
1.636293e+01 4.131877e+01 2.054138e+01 3.714032e+01
1.203992e+01 3.348245e+01 9.033283e+00 3.648909e+01
-7.706275e+00 2.635853e+01 3.976772e+00 1.467548e+01
2.166830e+01 3.775681e+01 1.461107e+01 4.481404e+01
