2.139712e+01 0.000000e+00 3.855578e+01 -1.715866e+01
6.189628e+01 0.000000e+00 3.775895e+01 2.413733e+01
3.200461e+01 0.000000e+00 4.336319e+01 -1.135858e+01
9.104283e+01 0.000000e+00 3.121849e+01 5.982434e+01
-6.899815e+00 2.889664e+01 1.862436e+01 3.372468e+00
2.437821e+01 2.889664e+01 4.862058e-01 5.278864e+01
6.727350e+00 2.889664e+01 9.056920e+00 2.656707e+01
9.977496e+00 0.000000e+00 2.709749e+01 -1.712000e+01
2.291354e+01 2.889664e+01 2.458100e+01 2.722917e+01
-4.797583e+01 2.889664e+01 -1.633993e-01 -1.891579e+01
1.071206e+00 0.000000e+00 3.463468e+01 -3.356347e+01
-3.080624e+01 2.889664e+01 1.551848e+01 -1.742808e+01
6.398677e+01 0.000000e+00 2.344460e+01 4.054217e+01
5.629285e+01 0.000000e+00 3.022177e+01 2.607109e+01
1.072564e+01 2.889664e+01 -1.896452e+00 4.151873e+01
4.598648e+01 0.000000e+00 2.909094e+01 1.689554e+01
2.804995e+01 0.000000e+00 4.906473e+01 -2.101478e+01
1.162469e+01 0.000000e+00 3.344335e+01 -2.181866e+01
1.895137e+01 0.000000e+00 5.267553e+01 -3.372416e+01
6.897205e+01 0.000000e+00 4.980635e+01 1.916569e+01
3.836313e+01 0.000000e+00 4.271888e+01 -4.355744e+00
9.760725e+01 0.000000e+00 5.029287e+01 4.731439e+01
2.791602e+01 0.000000e+00 3.582601e+01 -7.909991e+00
4.957318e+01 0.000000e+00 5.853487e+01 -8.961687e+00
4.393903e+01 0.000000e+00 4.925934e+01 -5.320310e+00
8.258913e+01 0.000000e+00 3.439798e+01 4.819115e+01
1.212674e+02 0.000000e+00 3.508439e+01 8.618297e+01
6.205843e+01 0.000000e+00 4.117514e+01 2.088329e+01
1.844419e+01 0.000000e+00 4.014161e+01 -2.169742e+01
-1.055471e+01 2.889664e+01 9.464535e+00 8.877399e+00
2.554476e+01 0.000000e+00 4.226917e+01 -1.672441e+01
4.203652e+00 2.889664e+01 2.055731e+01 1.254299e+01
1.118490e+02 0.000000e+00 4.316859e+01 6.868040e+01
4.936474e+00 2.889664e+01 1.743303e+01 1.640009e+01
5.395977e+01 0.000000e+00 4.138815e+01 1.257162e+01
-4.858427e+00 0.000000e+00 4.435992e+01 -4.921834e+01
8.266990e+01 0.000000e+00 4.152755e+01 4.114235e+01
-2.918384e+01 2.889664e+01 1.520817e+01 -1.549537e+01
4.763007e+01 0.000000e+00 3.988651e+01 7.743561e+00
3.205184e+01 2.889664e+01 1.542118e+01 4.552730e+01
1.103417e+02 0.000000e+00 5.222582e+01 5.811587e+01
-2.325633e+01 0.000000e+00 4.336319e+01 -6.661952e+01
5.236571e+01 0.000000e+00 4.619027e+01 6.175440e+00
1.059375e+02 2.889664e+01 1.649680e+01 1.183373e+02
4.152046e+01 0.000000e+00 3.840327e+01 3.117191e+00
1.035189e+02 0.000000e+00 5.144739e+01 5.207149e+01
