-9.127081e+00 9.928001e+01 9.810295e+00 8.034264e+01
5.095566e+01 1.274706e+02 3.408235e+01 1.443439e+02
7.543282e+01 1.323733e+02 4.147870e+01 1.663275e+02
2.586744e+01 1.299220e+02 3.261513e+01 1.231743e+02
7.024899e+00 1.250193e+02 3.968404e+01 9.236013e+01
1.683792e+01 1.274706e+02 3.180462e+01 1.125039e+02
4.627930e+01 1.225679e+02 3.224541e+01 1.366018e+02
2.769856e+01 1.201166e+02 2.174100e+01 1.260741e+02
3.958821e+01 1.372761e+02 5.372200e+01 1.231423e+02
2.710716e+01 8.702322e+01 -4.011752e+00 1.181421e+02
3.779670e+01 1.250193e+02 3.020605e+01 1.326099e+02
1.179359e+01 1.139882e+02 2.829669e+01 9.748505e+01
2.849474e+01 1.066341e+02 7.902294e+00 1.272265e+02
1.129825e+02 1.225679e+02 2.561729e+01 2.099331e+02
8.405567e-02 1.225679e+02 2.618944e+01 9.646253e+01
4.400269e+01 1.348247e+02 3.573668e+01 1.430907e+02
1.448146e+01 1.348247e+02 4.677993e+01 1.025262e+02
1.609524e+01 1.225679e+02 2.739846e+01 1.112647e+02
4.860226e+01 1.250193e+02 4.018060e+01 1.334409e+02
4.332581e+01 1.323733e+02 4.504103e+01 1.306581e+02
9.999229e+01 1.323733e+02 4.112246e+01 1.912432e+02
4.278656e+01 1.201166e+02 3.456541e+01 1.283377e+02
1.719332e+01 1.274706e+02 3.301364e+01 1.116503e+02
7.539899e+01 1.397274e+02 5.631368e+01 1.588127e+02
3.486436e-01 1.299220e+02 4.258968e+01 8.768096e+01
2.635635e+01 1.066341e+02 1.395827e+01 1.190322e+02
5.298478e+01 1.299220e+02 3.475254e+01 1.481542e+02
5.429743e+00 1.225679e+02 3.167326e+01 9.632439e+01
3.436528e+01 1.323733e+02 3.969753e+01 1.270411e+02
-7.942988e-01 1.041827e+02 1.635386e+01 8.703457e+01
1.405429e+01 1.274706e+02 3.657598e+01 1.049489e+02
1.421822e+02 1.250193e+02 4.075274e+01 2.264487e+02
7.595538e+01 1.372761e+02 4.566895e+01 1.675625e+02
3.539719e+01 1.225679e+02 3.687645e+01 1.210887e+02
1.744737e+01 1.090854e+02 1.997196e+01 1.065609e+02
4.319714e+01 1.397274e+02 4.847654e+01 1.344480e+02
2.864592e+01 1.299220e+02 3.831487e+01 1.202530e+02
5.293224e+01 1.299220e+02 4.209312e+01 1.407611e+02
3.669302e+01 1.225679e+02 3.096080e+01 1.283001e+02
6.468948e+01 1.164395e+02 3.039182e+01 1.507372e+02
1.184754e+02 1.201166e+02 3.563411e+01 2.029579e+02
1.212971e+00 1.323733e+02 4.147870e+01 9.210762e+01
2.087737e+01 1.017314e+02 1.618022e+01 1.064285e+02
9.496058e+01 1.299220e+02 4.280559e+01 1.820770e+02
4.830414e+00 1.274706e+02 3.443858e+01 9.786247e+01
2.964494e+01 1.397274e+02 5.239511e+01 1.169773e+02
