2.551587e+01 1.556403e+02 5.595126e+01 1.252049e+02
6.301634e+01 1.556403e+02 1.686001e+01 2.017966e+02
8.219527e+01 1.556403e+02 1.400977e+01 2.238258e+02
1.439734e+02 1.556403e+02 9.011784e+00 2.906019e+02
-4.070926e+00 1.556403e+02 9.893581e+00 1.416758e+02
-1.133055e+01 1.556403e+02 -5.928163e+00 1.502379e+02
-2.670767e+00 1.556403e+02 6.667483e+00 1.463020e+02
-1.954281e+01 1.556403e+02 1.958497e+01 1.165125e+02
7.409313e-01 1.556403e+02 -2.769179e+00 1.591504e+02
5.511315e+01 1.556403e+02 4.892665e+01 1.618268e+02
2.465861e+01 1.556403e+02 1.806365e+01 1.622353e+02
1.011457e+01 1.556403e+02 2.284047e+01 1.429144e+02
5.593941e+01 1.556403e+02 3.550738e+01 1.760723e+02
2.745061e+01 1.556403e+02 1.838133e+01 1.647096e+02
2.567765e+01 1.556403e+02 -8.630589e-01 1.821810e+02
2.153100e+00 1.556403e+02 8.458681e-01 1.569475e+02
1.774797e+01 1.556403e+02 1.457803e+01 1.588102e+02
1.199604e+01 1.556403e+02 2.059620e+01 1.470401e+02
1.759178e+01 1.556403e+02 3.046689e+01 1.427652e+02
3.514542e+01 1.556403e+02 1.843950e+01 1.723462e+02
3.330446e-02 1.556403e+02 1.356680e+01 1.421068e+02
3.323721e+01 1.556403e+02 3.553200e+01 1.533455e+02
3.630978e+01 1.556403e+02 1.553109e+01 1.764190e+02
2.723958e+01 1.556403e+02 1.438563e+01 1.684942e+02
-3.573765e+01 1.556403e+02 2.141503e+01 9.848761e+01
6.317463e+01 1.556403e+02 4.303792e+01 1.757770e+02
4.146697e+01 1.556403e+02 1.166962e+01 1.854376e+02
5.804816e+01 1.556403e+02 2.591187e+01 1.877766e+02
-1.236726e+01 1.556403e+02 1.179491e+01 1.314781e+02
2.643006e+01 1.556403e+02 3.208473e+01 1.499856e+02
9.436308e+00 1.556403e+02 1.996082e+01 1.451158e+02
4.605546e+00 1.556403e+02 1.122250e+01 1.490233e+02
1.045913e+01 1.556403e+02 7.172778e+00 1.589266e+02
-1.296455e+01 1.556403e+02 1.242613e+01 1.302496e+02
1.985891e+01 1.556403e+02 4.449213e+01 1.310071e+02
-2.399579e+01 1.556403e+02 4.640226e+00 1.270043e+02
7.958356e+01 1.556403e+02 1.609935e+01 2.191245e+02
6.834029e+00 1.556403e+02 8.417196e-01 1.616326e+02
1.597999e+01 1.556403e+02 2.502593e+01 1.465944e+02
7.006179e+01 1.556403e+02 1.942197e+01 2.062801e+02
8.488811e+01 1.556403e+02 3.686092e+01 2.036675e+02
-3.999180e+01 1.556403e+02 1.400977e+01 1.016387e+02
3.796630e+01 1.556403e+02 5.784843e+01 1.357582e+02
-7.330714e+00 1.556403e+02 1.727666e+00 1.465819e+02
2.114138e+01 1.556403e+02 1.730299e+01 1.594787e+02
6.387703e+00 1.556403e+02 9.512929e+00 1.525151e+02
