1.807953e+01 4.134771e+01 3.209491e+01 2.733233e+01
8.821779e+01 3.167059e+01 3.782624e+01 8.206213e+01
6.188874e+01 3.782876e+01 3.098185e+01 6.873564e+01
1.317257e+02 2.199346e+01 4.716026e+01 1.065589e+02
6.386590e+01 4.574640e+01 2.999821e+01 7.961410e+01
4.081041e+01 2.023399e+01 5.516751e+01 5.876884e+00
-7.663373e+00 3.343006e+01 4.265766e+01 -1.689097e+01
8.402512e+01 1.935425e+01 5.117192e+01 5.220744e+01
6.188786e+01 5.014510e+01 2.388395e+01 8.814900e+01
5.318643e+01 3.167059e+01 4.939227e+01 3.546475e+01
4.130497e+01 2.815163e+01 4.168831e+01 2.776829e+01
7.317915e+00 4.486666e+01 3.242195e+01 1.976263e+01
5.092429e+01 1.847451e+01 5.393878e+01 1.546002e+01
5.357537e+01 2.287320e+01 4.730985e+01 2.913872e+01
2.352188e+01 1.847451e+01 5.761321e+01 -1.561683e+01
2.281586e+01 1.759477e+01 5.087272e+01 -1.046210e+01
4.158304e+01 4.486666e+01 2.360083e+01 6.284887e+01
2.769578e+01 2.727189e+01 4.291116e+01 1.205651e+01
6.358244e+01 5.278431e+01 1.705563e+01 9.931111e+01
4.093392e+01 4.662614e+01 2.218447e+01 6.537559e+01
-5.048584e-01 3.694902e+01 3.186159e+01 4.582570e+00
2.215090e+01 5.102483e+01 1.950133e+01 5.367439e+01
2.209848e+01 2.903137e+01 4.046546e+01 1.066439e+01
-2.434992e+00 5.630326e+01 1.147800e+01 4.239027e+01
5.469987e+00 4.662614e+01 2.252758e+01 2.956855e+01
2.390958e+01 3.343006e+01 3.898322e+01 1.835642e+01
7.444581e+01 2.727189e+01 4.188182e+01 5.983588e+01
1.203399e+02 3.782876e+01 3.235430e+01 1.258143e+02
4.453649e+01 3.343006e+01 3.538054e+01 4.258601e+01
4.602790e+01 3.958823e+01 3.907283e+01 4.654331e+01
2.946214e+01 3.782876e+01 3.166808e+01 3.562282e+01
3.294034e+01 4.838562e+01 2.735899e+01 5.396697e+01
5.191127e+01 3.606928e+01 3.205510e+01 5.592545e+01
2.794853e+01 4.486666e+01 3.122106e+01 4.159414e+01
7.651446e+01 4.222745e+01 2.984273e+01 8.889918e+01
8.968223e+01 3.694902e+01 3.083225e+01 9.579899e+01
1.029057e+00 3.606928e+01 3.308444e+01 4.013896e+00
4.178616e+01 3.958823e+01 3.547015e+01 4.590424e+01
5.528095e+01 3.606928e+01 3.411378e+01 5.723645e+01
7.319209e+01 4.398693e+01 3.295858e+01 8.422043e+01
-2.555828e-01 5.366405e+01 1.686212e+01 3.654635e+01
1.146685e+01 3.782876e+01 3.098185e+01 1.831376e+01
1.664060e+01 5.102483e+01 2.207468e+01 4.559076e+01
2.007083e+01 4.134771e+01 3.371067e+01 2.770786e+01
5.541013e+01 3.255032e+01 3.694651e+01 5.101395e+01
4.655649e+01 4.662614e+01 2.115513e+01 7.202750e+01
