1.661592e+01 9.792746e+01 3.174511e+01 8.279828e+01
2.114841e+01 1.257340e+02 -2.506589e-01 1.471331e+02
4.006072e+01 1.305700e+02 -2.420727e+00 1.730514e+02
1.651622e+01 1.281520e+02 -6.857823e+00 1.515260e+02
-3.409170e+01 1.233161e+02 6.690484e+00 8.253388e+01
-1.867568e+01 1.257340e+02 -6.771737e+00 1.138301e+02
9.605074e+00 1.208981e+02 3.776735e+00 1.267264e+02
-1.222367e+01 1.184801e+02 1.671516e+00 1.045850e+02
-6.996483e+00 1.354059e+02 -3.495144e+00 1.319045e+02
4.799974e+01 8.583765e+01 3.807551e+01 9.576189e+01
1.367337e+01 1.233161e+02 6.439571e-01 1.363455e+02
2.614886e+00 1.124352e+02 1.719048e+01 9.785965e+01
3.358673e+01 1.051814e+02 1.458947e+01 1.241786e+02
2.793987e-01 1.208981e+02 7.769001e-01 1.204006e+02
2.520624e+01 1.208981e+02 -2.697486e+00 1.488018e+02
9.282680e+00 1.329879e+02 -1.359793e+01 1.558685e+02
-1.544730e+01 1.329879e+02 -1.791997e+00 1.193326e+02
-5.549124e+01 1.208981e+02 2.681083e+00 6.272578e+01
4.067649e+01 1.233161e+02 1.130738e+01 1.526852e+02
-2.366057e+00 1.305700e+02 1.387638e+00 1.268163e+02
-1.969629e+01 1.305700e+02 -2.801564e+00 1.136752e+02
1.945997e+01 1.184801e+02 1.538163e+01 1.225585e+02
-4.564037e+01 1.257340e+02 -1.393168e+00 8.148682e+01
1.530305e+00 1.378238e+02 -1.677047e+00 1.410312e+02
8.914274e+00 1.281520e+02 3.805600e+00 1.332607e+02
1.121673e+01 1.051814e+02 2.106369e+01 9.533438e+01
1.115664e+01 1.281520e+02 -4.572804e+00 1.438814e+02
2.862409e+01 1.208981e+02 7.251121e+00 1.422711e+02
-8.955077e+00 1.305700e+02 -4.324910e+00 1.259398e+02
6.068013e+01 1.027634e+02 2.457731e+01 1.388662e+02
3.137976e+01 1.257340e+02 2.415197e+00 1.546986e+02
4.733937e+01 1.233161e+02 7.832993e+00 1.628224e+02
-8.213778e+00 1.354059e+02 -8.018325e+00 1.352104e+02
-6.174717e+01 1.208981e+02 8.727609e+00 5.042332e+01
4.405457e+00 1.075993e+02 2.245409e+01 8.955067e+01
1.541822e+01 1.378238e+02 -1.005545e+01 1.632975e+02
-3.662331e+00 1.281520e+02 -7.644384e-01 1.252541e+02
-1.668121e+01 1.281520e+02 -8.112961e-01 1.122821e+02
4.549369e+01 1.208981e+02 6.489448e+00 1.599024e+02
-1.828135e+01 1.148532e+02 1.439168e+01 8.218017e+01
1.387936e+01 1.184801e+02 1.652414e+01 1.158354e+02
1.743686e+00 1.305700e+02 -2.420727e+00 1.347344e+02
9.037132e-01 1.003454e+02 3.351635e+01 6.773279e+01
6.772703e+00 1.281520e+02 -4.962304e-02 1.349743e+02
-2.819922e+01 1.257340e+02 1.301776e-01 9.740463e+01
-4.099567e+00 1.378238e+02 -5.866248e+00 1.395905e+02
