2.034748e+02 1.130570e+02 1.063089e+02 2.102229e+02
1.269802e+02 8.659683e+01 6.222128e+01 1.513558e+02
1.573335e+02 1.034351e+02 7.599390e+01 1.847747e+02
1.230092e+01 6.013669e+01 3.422831e+01 3.820929e+01
1.389571e+02 1.250843e+02 9.329778e+01 1.707436e+02
1.288027e+02 5.532575e+01 2.200640e+01 1.621221e+02
2.658819e+01 9.140777e+01 6.115407e+01 5.684189e+01
1.872009e+00 5.292029e+01 3.314321e+01 2.164908e+01
8.737534e+01 1.371116e+02 9.766099e+01 1.268260e+02
5.420891e+01 8.659683e+01 7.856911e+01 6.223663e+01
-1.649208e+01 7.697496e+01 5.413224e+01 6.350639e+00
2.360766e+02 1.226788e+02 9.779003e+01 2.609655e+02
1.271658e+02 5.051482e+01 3.916829e+01 1.385123e+02
1.574236e+02 6.254216e+01 4.123226e+01 1.787335e+02
2.962399e+00 5.051482e+01 2.026112e+01 3.321610e+01
6.017564e+01 4.810935e+01 1.913532e+01 8.914967e+01
1.466397e+02 1.226788e+02 9.370482e+01 1.756138e+02
6.937585e+01 7.456949e+01 5.325960e+01 9.068575e+01
1.233129e+02 1.443281e+02 1.214853e+02 1.461557e+02
1.028449e+02 1.274898e+02 1.000486e+02 1.302861e+02
7.588456e+01 1.010296e+02 7.358843e+01 1.033258e+02
2.203277e+02 1.395171e+02 1.197400e+02 2.401048e+02
-1.456124e+01 7.938043e+01 5.500488e+01 9.814308e+00
6.210680e+01 1.539499e+02 1.219102e+02 9.414648e+01
6.135590e+01 1.274898e+02 1.015814e+02 8.726427e+01
6.772375e+01 9.140777e+01 8.006124e+01 7.907028e+01
4.867375e+01 7.456949e+01 4.866112e+01 7.458213e+01
1.157473e+02 1.034351e+02 8.212521e+01 1.370572e+02
1.442645e+02 9.140777e+01 6.396656e+01 1.717057e+02
9.053918e+01 1.082460e+02 8.948853e+01 1.092967e+02
2.524577e+01 1.034351e+02 7.905955e+01 4.962132e+01
1.532577e+02 1.323007e+02 1.005142e+02 1.850442e+02
9.894334e+01 9.862417e+01 6.811731e+01 1.294502e+02
1.837656e+02 1.226788e+02 9.242514e+01 2.140193e+02
3.794433e+01 1.154624e+02 1.025831e+02 5.082368e+01
1.456757e+02 1.010296e+02 6.898996e+01 1.777154e+02
1.777822e+02 9.862417e+01 7.271579e+01 2.036906e+02
7.656781e+01 1.082460e+02 7.339386e+01 1.114200e+02
9.644033e+01 9.862417e+01 7.731427e+01 1.177502e+02
1.058424e+02 1.202734e+02 9.385174e+01 1.322641e+02
1.198427e+02 1.467335e+02 1.269564e+02 1.396198e+02
2.425714e+01 1.034351e+02 7.599390e+01 5.169834e+01
1.151857e+02 1.395171e+02 1.312362e+02 1.234665e+02
9.467123e+01 1.130570e+02 7.820480e+01 1.295234e+02
1.092654e+02 8.900230e+01 6.462675e+01 1.336409e+02
1.657812e+02 1.274898e+02 9.545010e+01 1.978209e+02
