-2.573621e+01 9.608179e+01 -1.774530e+01 8.809089e+01
-1.390470e+01 9.608179e+01 -2.167959e+00 8.434505e+01
3.891492e+00 9.608179e+01 2.981721e+00 9.699157e+01
6.761984e+00 9.608179e+01 -3.563522e+00 1.064073e+02
2.796383e+00 9.608179e+01 6.490865e+00 9.238731e+01
-1.379527e+01 9.608179e+01 1.665268e-01 8.212000e+01
1.948385e+01 9.608179e+01 1.040906e+00 1.145247e+02
-1.788335e+01 9.608179e+01 -1.085085e+01 8.904930e+01
1.024988e+01 9.608179e+01 1.594230e+01 9.038937e+01
-3.414247e+01 9.608179e+01 -2.294551e+01 8.488483e+01
-5.515856e+00 9.608179e+01 -4.879710e+00 9.544565e+01
-5.600231e+00 9.608179e+01 -1.057057e+00 9.153862e+01
-2.311225e+01 9.608179e+01 -2.001524e+01 9.298479e+01
2.044543e+01 9.608179e+01 -8.139102e+00 1.246663e+02
2.249490e+01 9.608179e+01 -3.614049e+00 1.221907e+02
1.761619e+01 9.608179e+01 -1.699692e+00 1.153977e+02
3.452730e+00 9.608179e+01 6.788755e+00 9.274577e+01
-2.924221e+00 9.608179e+01 -6.769998e+00 9.992757e+01
1.674959e+00 9.608179e+01 2.787275e+00 9.496948e+01
-6.552833e+00 9.608179e+01 5.719930e+00 8.380903e+01
7.941469e+00 9.608179e+01 2.707900e+00 1.013154e+02
-1.024733e+01 9.608179e+01 -9.933009e-01 8.682777e+01
-1.865774e+01 9.608179e+01 -2.989422e+00 8.041348e+01
2.410133e+01 9.608179e+01 1.358136e+01 1.066018e+02
6.029727e+00 9.608179e+01 4.103463e+00 9.800806e+01
-1.572447e+01 9.608179e+01 -1.536029e+01 9.571761e+01
1.532984e+00 9.608179e+01 -1.920597e+00 9.953537e+01
-1.319497e+01 9.608179e+01 -3.484147e+00 8.637098e+01
-6.781878e+00 9.608179e+01 1.612617e+00 8.768730e+01
-1.558236e+01 9.608179e+01 -9.165850e+00 8.966528e+01
1.568967e+01 9.608179e+01 -2.512131e-01 1.120227e+02
1.732039e+00 9.608179e+01 7.312328e+00 9.050151e+01
6.431948e+00 9.608179e+01 5.667013e+00 9.684673e+01
8.360415e-01 9.608179e+01 4.600577e+00 9.231726e+01
3.329646e+00 9.608179e+01 -1.100561e+01 1.104171e+02
1.330960e+00 9.608179e+01 7.557301e+00 8.985545e+01
-4.756976e+01 9.608179e+01 8.176122e-01 4.769442e+01
6.052591e+01 9.608179e+01 7.807053e+00 1.488007e+02
-4.015012e+00 9.608179e+01 -4.031789e+00 9.609857e+01
-8.423789e+00 9.608179e+01 2.855890e-01 8.737242e+01
9.585343e+00 9.608179e+01 -1.718383e-01 1.058390e+02
-3.511582e+01 9.608179e+01 2.981721e+00 5.798426e+01
3.820538e+00 9.608179e+01 -1.311680e+01 1.130191e+02
1.404459e+00 9.608179e+01 8.354695e+00 8.913156e+01
-9.518582e+00 9.608179e+01 -1.894138e+00 8.845735e+01
1.808325e+01 9.608179e+01 1.056933e+01 1.035957e+02
