4.572869e+01 8.993789e+01 4.464148e+01 9.102510e+01
6.507524e+01 8.993789e+01 2.798509e+01 1.270280e+02
4.575714e+01 8.993789e+01 2.647748e+01 1.092175e+02
6.704264e+01 8.993789e+01 2.497136e+01 1.320092e+02
2.887566e+01 8.993789e+01 3.218124e+01 8.663231e+01
4.555333e+01 8.993789e+01 2.636208e+01 1.091291e+02
3.819371e+01 8.993789e+01 3.129854e+01 9.683307e+01
1.016174e+01 8.993789e+01 2.970099e+01 7.039864e+01
3.382604e+01 8.993789e+01 2.646402e+01 9.729991e+01
6.044217e+01 8.993789e+01 4.982669e+01 1.005534e+02
2.670100e+01 8.993789e+01 2.866096e+01 8.797794e+01
1.531866e+01 8.993789e+01 3.787224e+01 6.738431e+01
5.689201e+01 8.993789e+01 3.669129e+01 1.101386e+02
6.842048e+01 8.993789e+01 2.902512e+01 1.293333e+02
1.701777e+01 8.993789e+01 2.864897e+01 7.830669e+01
3.538479e+01 8.993789e+01 2.159347e+01 1.037292e+02
3.477509e+01 8.993789e+01 2.642504e+01 9.828794e+01
1.525298e+01 8.993789e+01 2.980440e+01 7.538647e+01
3.757584e+01 8.993789e+01 3.302496e+01 9.448877e+01
3.778454e+01 8.993789e+01 2.803605e+01 9.968638e+01
1.283602e+01 8.993789e+01 2.632163e+01 7.645229e+01
4.865031e+01 8.993789e+01 3.531185e+01 1.032764e+02
4.206121e+01 8.993789e+01 2.751751e+01 1.044816e+02
2.875455e+01 8.993789e+01 2.585258e+01 9.283986e+01
1.319443e+01 8.993789e+01 2.933536e+01 7.379697e+01
3.848966e+01 8.993789e+01 3.934086e+01 8.908669e+01
5.465418e+01 8.993789e+01 2.590650e+01 1.186856e+02
4.737874e+01 8.993789e+01 3.167469e+01 1.056419e+02
4.015975e+01 8.993789e+01 2.569820e+01 1.043994e+02
6.523078e+01 8.993789e+01 4.213430e+01 1.130344e+02
3.292571e+01 8.993789e+01 2.907609e+01 9.378751e+01
5.455071e+01 8.993789e+01 3.264881e+01 1.118398e+02
3.166823e+01 8.993789e+01 2.356717e+01 9.803896e+01
2.894701e+01 8.993789e+01 3.332468e+01 8.556022e+01
2.515010e+01 8.993789e+01 3.960013e+01 7.548786e+01
1.941210e+01 8.993789e+01 2.242372e+01 8.692627e+01
5.909742e+01 8.993789e+01 2.746507e+01 1.215702e+02
2.520408e+01 8.993789e+01 2.849164e+01 8.665033e+01
5.354740e+01 8.993789e+01 3.136297e+01 1.121223e+02
6.297817e+01 8.993789e+01 3.641708e+01 1.164990e+02
5.345797e+01 8.993789e+01 3.577942e+01 1.076164e+02
-4.069559e+00 8.993789e+01 2.647748e+01 5.939085e+01
5.285994e+01 8.993789e+01 4.505661e+01 9.774122e+01
3.664453e+01 8.993789e+01 2.880335e+01 9.777907e+01
4.412844e+01 8.993789e+01 2.814094e+01 1.059254e+02
4.435408e+01 8.993789e+01 2.413815e+01 1.101538e+02
