1.388318e+01 0.000000e+00 4.073363e+01 -2.685045e+01
5.626554e+01 0.000000e+00 6.379220e+01 -7.526666e+00
8.375571e+01 0.000000e+00 6.711302e+01 1.664270e+01
1.382537e+02 0.000000e+00 6.657410e+01 7.167960e+01
1.740983e+02 4.932290e+01 1.099465e+02 1.134747e+02
1.213785e+02 4.932290e+01 1.141206e+02 5.658083e+01
2.245897e+02 4.932290e+01 1.090982e+02 1.648144e+02
-8.625630e+01 0.000000e+00 5.908169e+01 -1.453380e+02
7.557063e+01 4.932290e+01 1.192153e+02 5.678208e+00
8.385419e+01 4.932290e+01 8.125176e+01 5.192533e+01
-4.354063e+00 0.000000e+00 6.217047e+01 -6.652453e+01
1.797306e+01 4.932290e+01 1.013338e+02 -3.403786e+01
1.161843e+02 0.000000e+00 4.853792e+01 6.764635e+01
1.259878e+02 0.000000e+00 6.070342e+01 6.528437e+01
7.077915e+01 4.932290e+01 1.104130e+02 9.689006e+00
5.812127e+01 0.000000e+00 7.082305e+01 -1.270178e+01
1.156980e+02 0.000000e+00 6.842537e+01 4.727266e+01
2.416778e+01 0.000000e+00 6.031670e+01 -3.614892e+01
9.021518e+01 0.000000e+00 6.000482e+01 3.021036e+01
7.235786e+01 0.000000e+00 6.633957e+01 6.018293e+00
5.136016e+01 0.000000e+00 6.719036e+01 -1.583020e+01
9.902599e+01 0.000000e+00 5.629729e+01 4.272870e+01
-2.251665e+01 0.000000e+00 6.402424e+01 -8.654088e+01
6.084591e+01 0.000000e+00 7.128212e+01 -1.043621e+01
3.916433e+01 0.000000e+00 6.440846e+01 -2.524413e+01
9.281926e+01 0.000000e+00 4.722306e+01 4.559620e+01
8.951317e+01 0.000000e+00 6.611004e+01 2.340313e+01
-2.159987e+01 0.000000e+00 5.938857e+01 -8.098844e+01
3.379916e+02 0.000000e+00 6.749974e+01 2.704918e+02
2.623370e+02 4.932290e+01 9.407344e+01 2.175865e+02
6.355042e+01 0.000000e+00 6.325079e+01 2.996232e-01
1.694428e+02 4.932290e+01 1.097144e+02 1.090513e+02
4.423536e+01 0.000000e+00 7.112993e+01 -2.689457e+01
1.640161e+02 4.932290e+01 1.080927e+02 1.052463e+02
5.973573e+01 0.000000e+00 4.838073e+01 1.135500e+01
1.191184e+02 0.000000e+00 7.298370e+01 4.613473e+01
1.330471e+02 0.000000e+00 6.533659e+01 6.771051e+01
1.496335e+02 4.932290e+01 1.143501e+02 8.460625e+01
9.533231e+01 0.000000e+00 5.954326e+01 3.578906e+01
6.688322e+01 4.932290e+01 1.033423e+02 1.286385e+01
8.572469e+01 0.000000e+00 5.606526e+01 2.965943e+01
7.378743e+00 0.000000e+00 6.711302e+01 -5.973427e+01
6.317260e+01 0.000000e+00 4.181395e+01 2.135865e+01
7.368056e+01 4.932290e+01 1.141954e+02 8.808031e+00
1.067912e+02 0.000000e+00 6.371486e+01 4.307633e+01
1.255807e+02 0.000000e+00 7.213291e+01 5.344783e+01
