-1.003559e+00 5.023098e+01 1.343107e+01 3.579635e+01
4.007594e+00 6.449410e+01 -3.416634e+00 7.191833e+01
4.840188e+00 6.697464e+01 -4.252438e+00 7.606727e+01
-2.905736e+00 6.573437e+01 -7.241493e+00 7.007013e+01
-9.186737e+00 6.325383e+01 -7.729199e-01 5.484001e+01
-2.295732e+01 6.449410e+01 -8.827104e+00 5.036388e+01
1.932179e-01 6.201356e+01 -2.822124e+00 6.502890e+01
-1.670106e+01 6.077329e+01 -2.985296e+00 4.705752e+01
-7.664481e+00 6.945518e+01 -5.799463e+00 6.759017e+01
2.688815e+01 4.402963e+01 1.469188e+01 5.622589e+01
2.415786e+00 6.325383e+01 -3.116213e+00 6.878583e+01
-4.238256e+00 5.767261e+01 4.573338e+00 4.886101e+01
9.782255e+00 5.395179e+01 3.601233e+00 6.013282e+01
1.099773e+01 6.201356e+01 -3.285717e+00 7.629700e+01
4.563983e-01 6.201356e+01 -6.816487e+00 6.928644e+01
4.133097e+00 6.821491e+01 -1.089685e+01 8.324486e+01
-5.558292e+00 6.821491e+01 -3.613010e+00 6.626963e+01
-1.412424e+01 6.201356e+01 -2.110904e+00 5.000022e+01
7.373050e+00 6.325383e+01 3.462738e+00 6.716414e+01
6.051738e-01 6.697464e+01 -1.902813e+00 6.948263e+01
-9.166410e+00 6.697464e+01 -4.487401e+00 6.229563e+01
1.182054e+01 6.077329e+01 5.473355e+00 6.712047e+01
-3.824930e+01 6.449410e+01 -4.121521e+00 3.036632e+01
3.584165e+00 7.069545e+01 -3.039039e+00 7.731866e+01
-5.022155e+00 6.573437e+01 -6.625422e-01 6.137476e+01
-3.629657e+00 5.395179e+01 7.595596e+00 4.272654e+01
8.924855e+00 6.573437e+01 -5.831717e+00 8.049094e+01
1.481568e+00 6.201356e+01 7.086461e-01 6.278648e+01
-4.808942e+00 6.697464e+01 -5.427251e+00 6.759295e+01
2.302183e+01 5.271152e+01 8.124647e+00 6.760870e+01
1.093709e+00 6.449410e+01 -1.771896e+00 6.735970e+01
2.431107e+00 6.325383e+01 -6.803233e-02 6.575297e+01
-8.030519e+00 6.945518e+01 -7.202906e+00 6.862757e+01
-1.917489e+01 6.201356e+01 2.323888e-01 4.260628e+01
-1.242243e+00 5.519207e+01 8.704950e+00 4.524487e+01
6.566122e-01 7.069545e+01 -8.208214e+00 7.956028e+01
7.634029e+00 6.573437e+01 -3.482092e+00 7.685049e+01
-1.215660e+01 6.573437e+01 -4.898200e+00 5.847597e+01
1.249352e+01 6.201356e+01 2.387210e-01 7.426835e+01
6.197643e+00 5.891288e+01 3.098104e+00 6.201242e+01
1.557723e+01 6.077329e+01 6.178242e+00 7.017228e+01
-1.308015e+01 6.697464e+01 -4.252438e+00 5.814693e+01
1.499742e+01 5.147125e+01 1.477539e+01 5.169329e+01
-4.792108e+00 6.573437e+01 -4.428275e+00 6.537054e+01
-1.593650e+01 6.449410e+01 -3.181671e+00 5.173927e+01
7.734063e-01 7.069545e+01 -5.623627e+00 7.709249e+01
