-2.239588e+00 5.460191e+01 3.987387e+00 4.837493e+01
4.389499e+01 7.010615e+01 1.702788e+01 9.697326e+01
4.374947e+01 7.280254e+01 2.129211e+01 9.525989e+01
2.756542e+01 7.145435e+01 1.591232e+01 8.310744e+01
2.671699e+01 6.875796e+01 2.292969e+01 7.254526e+01
1.350002e+01 7.010615e+01 1.778253e+01 6.582364e+01
1.341929e+01 6.740976e+01 1.844581e+01 6.238325e+01
-5.903249e+00 6.606157e+01 9.847605e+00 5.031071e+01
2.667583e+01 7.549893e+01 3.079055e+01 7.138421e+01
6.257951e+00 4.786093e+01 -1.550980e+00 5.566986e+01
2.387407e+01 6.875796e+01 1.478377e+01 7.784825e+01
1.468437e+01 6.269108e+01 1.663883e+01 6.073662e+01
1.979200e+01 5.864649e+01 2.208554e+00 7.622994e+01
5.160635e+01 6.740976e+01 1.209171e+01 1.069244e+02
7.674716e+00 6.740976e+01 1.463819e+01 6.044629e+01
2.544336e+01 7.415074e+01 1.748882e+01 8.210528e+01
2.942759e+01 7.415074e+01 2.443213e+01 7.914620e+01
1.901069e+00 6.740976e+01 1.321160e+01 5.609923e+01
3.624018e+01 6.875796e+01 2.105515e+01 8.394299e+01
3.843135e+01 7.280254e+01 2.353189e+01 8.770200e+01
2.273223e+01 7.280254e+01 2.106813e+01 7.446664e+01
1.196784e+01 6.606157e+01 1.791080e+01 6.011860e+01
7.794720e+00 7.010615e+01 1.635595e+01 6.154493e+01
3.717803e+01 7.684713e+01 3.004023e+01 8.398493e+01
1.670704e+01 7.145435e+01 2.218369e+01 6.597769e+01
1.401486e+01 5.864649e+01 6.016174e+00 6.664518e+01
2.902369e+01 7.145435e+01 1.725619e+01 8.322185e+01
8.060029e+00 6.740976e+01 1.589933e+01 5.957046e+01
2.747526e+01 7.280254e+01 2.017222e+01 8.010558e+01
2.390019e+01 5.729830e+01 9.902186e+00 7.129630e+01
2.148329e+01 7.010615e+01 1.859572e+01 7.299372e+01
3.080110e+01 6.875796e+01 2.360162e+01 7.595743e+01
6.014186e+01 7.549893e+01 2.354055e+01 1.121002e+02
2.653341e+01 6.740976e+01 2.135752e+01 7.258566e+01
6.421252e+00 5.999469e+01 9.604146e+00 5.681179e+01
2.552269e+01 7.684713e+01 2.511272e+01 7.725710e+01
2.500012e+01 7.145435e+01 1.949596e+01 7.695851e+01
4.103045e+01 7.145435e+01 2.405824e+01 8.842656e+01
3.252996e+01 6.740976e+01 1.545138e+01 8.448835e+01
3.283101e+01 6.403927e+01 1.776305e+01 7.910723e+01
3.486869e+01 6.606157e+01 1.858273e+01 8.234752e+01
-1.241390e-01 7.280254e+01 2.129211e+01 5.138629e+01
1.325956e+01 5.595010e+01 7.799337e+00 6.141033e+01
4.301523e+01 7.145435e+01 2.450619e+01 8.996338e+01
9.893272e+00 7.010615e+01 1.725186e+01 6.274757e+01
2.342748e+01 7.684713e+01 2.757647e+01 7.269814e+01
