-2.441271e+00 9.651108e+00 9.651108e+00 -2.441271e+00
1.025639e+01 9.651108e+00 9.651108e+00 1.025639e+01
-7.162805e-01 9.651108e+00 9.651108e+00 -7.162805e-01
-1.172581e+00 9.651108e+00 9.651108e+00 -1.172581e+00
1.332990e+01 9.651108e+00 9.651108e+00 1.332990e+01
1.255770e+01 9.651108e+00 9.651108e+00 1.255770e+01
1.131263e+01 9.651108e+00 9.651108e+00 1.131263e+01
1.266369e+01 9.651108e+00 9.651108e+00 1.266369e+01
1.968726e+01 9.651108e+00 9.651108e+00 1.968726e+01
1.286309e+01 9.651108e+00 9.651108e+00 1.286309e+01
1.245494e+01 9.651108e+00 9.651108e+00 1.245494e+01
1.606263e+01 9.651108e+00 9.651108e+00 1.606263e+01
1.737840e+01 9.651108e+00 9.651108e+00 1.737840e+01
3.306732e+00 9.651108e+00 9.651108e+00 3.306732e+00
1.685570e+01 9.651108e+00 9.651108e+00 1.685570e+01
2.044922e+01 9.651108e+00 9.651108e+00 2.044922e+01
1.027610e+01 9.651108e+00 9.651108e+00 1.027610e+01
4.093941e+01 9.651108e+00 9.651108e+00 4.093941e+01
5.857484e+00 9.651108e+00 9.651108e+00 5.857484e+00
2.270590e+00 9.651108e+00 9.651108e+00 2.270590e+00
1.365150e+01 9.651108e+00 9.651108e+00 1.365150e+01
4.523652e+00 9.651108e+00 9.651108e+00 4.523652e+00
1.306741e+01 9.651108e+00 9.651108e+00 1.306741e+01
-3.406706e+00 9.651108e+00 9.651108e+00 -3.406706e+00
5.938261e+00 9.651108e+00 9.651108e+00 5.938261e+00
