-2.292914e+01 6.492490e+01 -1.488317e+01 5.687893e+01
9.288533e-01 6.492490e+01 -4.493065e+00 7.034682e+01
-2.865325e+00 6.492490e+01 -1.287838e+00 6.334741e+01
3.807963e+00 6.492490e+01 -5.165170e+00 7.389803e+01
-9.538454e+00 6.492490e+01 -8.832713e-02 5.547477e+01
-1.700853e+01 6.492490e+01 -3.584221e+00 5.150059e+01
4.506614e+00 6.492490e+01 -3.338151e+00 7.276967e+01
-9.662473e+00 6.492490e+01 -9.849975e+00 6.511240e+01
8.576359e+00 6.492490e+01 5.963776e+00 6.753748e+01
-9.360913e+00 6.492490e+01 -1.892828e+01 7.449227e+01
-7.529833e+00 6.492490e+01 -6.174117e+00 6.356918e+01
3.649424e+00 6.492490e+01 -4.986150e+00 7.356048e+01
-1.736347e+01 6.492490e+01 -1.580134e+01 6.336277e+01
-2.246732e+01 6.492490e+01 -8.168923e+00 5.062651e+01
-2.194081e+00 6.492490e+01 -6.005062e+00 6.873588e+01
-1.165326e+01 6.492490e+01 -3.842469e+00 5.711411e+01
-2.274404e+00 6.492490e+01 1.020723e+00 6.162977e+01
-8.186072e+00 6.492490e+01 -7.384537e+00 6.412337e+01
-3.181855e+00 6.492490e+01 -1.781556e+00 6.352460e+01
6.657841e+00 6.492490e+01 2.809338e-01 7.130181e+01
1.548836e+00 6.492490e+01 -1.444715e+00 6.791845e+01
-3.182316e+00 6.492490e+01 -4.202398e+00 6.594498e+01
-1.207533e+01 6.492490e+01 -4.963696e+00 5.781327e+01
3.128150e+00 6.492490e+01 5.167213e+00 6.288584e+01
1.388934e+01 6.492490e+01 -7.726097e-01 7.958685e+01
-2.987513e+01 6.492490e+01 -1.313443e+01 4.818420e+01
-4.567696e+00 6.492490e+01 -4.223907e+00 6.458111e+01
-5.510007e+00 6.492490e+01 -5.502012e+00 6.491691e+01
-2.645248e+00 6.492490e+01 -2.072224e+00 6.435188e+01
-1.073305e+01 6.492490e+01 -1.014159e+01 6.433343e+01
1.066440e+00 6.492490e+01 -3.394925e+00 6.938627e+01
-7.038832e+00 6.492490e+01 3.823043e-01 5.750376e+01
1.282313e+01 6.492490e+01 5.054948e-01 7.724254e+01
-4.615485e+00 6.492490e+01 -1.298748e+00 6.160816e+01
-1.721041e+01 6.492490e+01 -1.051211e+01 5.822661e+01
-1.295586e+00 6.492490e+01 1.715915e+00 6.191340e+01
-2.017994e+01 6.492490e+01 -2.655136e+00 4.740010e+01
8.709295e+00 6.492490e+01 9.206197e-01 7.271358e+01
-8.595535e+00 6.492490e+01 -5.815766e+00 6.214513e+01
9.707449e+00 6.492490e+01 -4.089483e+00 7.872183e+01
-8.986611e+00 6.492490e+01 -3.731766e+00 5.967006e+01
-1.097844e+01 6.492490e+01 -1.287838e+00 5.523430e+01
-9.671587e-01 6.492490e+01 -1.210397e+01 7.606172e+01
-5.894641e+00 6.492490e+01 1.234374e+00 5.779589e+01
5.549006e+00 6.492490e+01 -4.336188e+00 7.481009e+01
-1.066059e+01 6.492490e+01 3.441564e+00 5.082275e+01
