-1.708893e-01 3.516157e+01 6.255760e-01 3.436510e+01
6.543647e+01 4.514572e+01 1.008268e+01 1.004995e+02
4.068891e-01 4.688209e+01 1.215445e+01 3.513453e+01
2.264870e+01 4.601390e+01 1.042383e+01 5.823877e+01
1.189336e+01 4.427753e+01 1.322370e+01 4.294719e+01
4.559281e+01 4.514572e+01 1.270242e+01 7.803611e+01
-5.024342e+00 4.340934e+01 1.168473e+01 2.670027e+01
-1.788890e+00 4.254115e+01 6.807345e+00 3.394492e+01
-1.736454e+00 4.861846e+01 1.780420e+01 2.907781e+01
7.307101e+00 3.082063e+01 -9.998002e-01 3.912753e+01
-4.674505e-01 4.427753e+01 9.022846e+00 3.478723e+01
1.512968e+01 4.037069e+01 9.268947e+00 4.623142e+01
1.265207e+01 3.776613e+01 1.984404e+00 4.843380e+01
2.124208e+01 4.340934e+01 7.867182e+00 5.678424e+01
-1.047621e+01 4.340934e+01 1.087022e+01 2.206291e+01
-4.114820e+00 4.775028e+01 1.192064e+01 3.171482e+01
1.793833e+01 4.775028e+01 1.340594e+01 5.228267e+01
1.806501e+01 4.340934e+01 8.106746e+00 5.336761e+01
1.156966e+01 4.427753e+01 1.036440e+01 4.548278e+01
7.462907e+00 4.688209e+01 1.263357e+01 4.171142e+01
3.622257e-01 4.688209e+01 1.210653e+01 3.513778e+01
1.443016e+01 4.254115e+01 8.532205e+00 4.843911e+01
2.459774e+01 4.514572e+01 9.938946e+00 5.980451e+01
4.943375e+01 4.948665e+01 1.576518e+01 8.315522e+01
1.934960e+01 4.601390e+01 1.176539e+01 5.359811e+01
1.945618e+01 3.776613e+01 2.798921e+00 5.442339e+01
1.991851e+00 4.601390e+01 1.071131e+01 3.729445e+01
1.175056e+01 4.340934e+01 8.681700e+00 4.647820e+01
5.897859e+01 4.688209e+01 1.191488e+01 9.394579e+01
3.140784e+01 3.689794e+01 5.508723e+00 6.279705e+01
3.984507e+01 4.514572e+01 1.041807e+01 7.457271e+01
1.390634e+01 4.427753e+01 1.336744e+01 4.481643e+01
3.359657e+01 4.861846e+01 1.379500e+01 6.842004e+01
8.470621e+00 4.340934e+01 1.230760e+01 3.957236e+01
5.843723e+00 3.863431e+01 4.146236e+00 4.033180e+01
-6.182480e+00 4.948665e+01 1.471109e+01 2.859307e+01
9.284236e-02 4.601390e+01 1.119043e+01 3.491631e+01
3.624052e+01 4.601390e+01 1.462468e+01 6.762973e+01
2.625268e+01 4.340934e+01 8.585874e+00 6.107615e+01
5.690411e+01 4.123887e+01 1.008922e+01 8.805376e+01
1.433911e+01 4.254115e+01 8.675943e+00 4.820432e+01
1.079280e+01 4.688209e+01 1.215445e+01 4.552045e+01
1.904575e+01 3.602975e+01 2.020803e+00 5.305470e+01
8.089885e+01 4.601390e+01 1.472051e+01 1.121922e+02
6.436717e+01 4.514572e+01 1.013060e+01 9.938229e+01
5.789671e+01 4.948665e+01 1.523814e+01 9.214522e+01
