6.842833e+01 1.011652e+02 5.110908e+01 1.184844e+02
6.782785e+01 1.011652e+02 3.680479e+01 1.321882e+02
4.647362e+01 1.011652e+02 3.435034e+01 1.132885e+02
4.372959e+01 1.011652e+02 3.552347e+01 1.093713e+02
4.257077e+01 1.011652e+02 4.307300e+01 1.006630e+02
7.768122e+01 1.011652e+02 4.172452e+01 1.371219e+02
4.901110e+01 1.011652e+02 4.426105e+01 1.059152e+02
3.275172e+01 1.011652e+02 4.047341e+01 9.344350e+01
2.799843e+01 1.011652e+02 3.689024e+01 9.227337e+01
6.498440e+01 1.011652e+02 6.223768e+01 1.039119e+02
6.330887e+01 1.011652e+02 3.803015e+01 1.264439e+02
1.850590e+01 1.011652e+02 4.865054e+01 7.102055e+01
5.736550e+01 1.011652e+02 4.729123e+01 1.112394e+02
5.427917e+01 1.011652e+02 3.924805e+01 1.161963e+02
3.007697e+01 1.011652e+02 4.419762e+01 8.704453e+01
4.171081e+01 1.011652e+02 3.302425e+01 1.098517e+02
4.771722e+01 1.011652e+02 3.313990e+01 1.157425e+02
3.175577e+01 1.011652e+02 3.926670e+01 9.365425e+01
3.958095e+01 1.011652e+02 3.813461e+01 1.026115e+02
2.892242e+01 1.011652e+02 3.438765e+01 9.569995e+01
2.677773e+01 1.011652e+02 3.434661e+01 9.359630e+01
5.077386e+01 1.011652e+02 4.060772e+01 1.113313e+02
6.547252e+01 1.011652e+02 3.679360e+01 1.298441e+02
2.703284e+01 1.011652e+02 3.070784e+01 9.749018e+01
3.589590e+01 1.011652e+02 3.562793e+01 1.014332e+02
4.741866e+01 1.011652e+02 4.735465e+01 1.012292e+02
-1.828184e+01 1.011652e+02 3.554585e+01 4.733749e+01
6.871501e+01 1.011652e+02 3.931147e+01 1.305687e+02
6.946227e+01 1.011652e+02 3.433169e+01 1.362958e+02
8.227183e+01 1.011652e+02 5.358928e+01 1.298477e+02
6.114420e+01 1.011652e+02 3.683090e+01 1.254785e+02
7.318355e+01 1.011652e+02 4.308419e+01 1.312645e+02
4.990521e+01 1.011652e+02 3.186231e+01 1.192081e+02
5.470973e+01 1.011652e+02 4.430955e+01 1.115654e+02
3.115164e+01 1.011652e+02 4.615168e+01 8.616514e+01
2.591899e+01 1.011652e+02 3.062576e+01 9.645841e+01
2.472311e+01 1.011652e+02 3.558316e+01 9.030513e+01
4.042382e+01 1.011652e+02 4.056631e+01 1.010227e+02
3.932983e+01 1.011652e+02 3.930401e+01 1.011910e+02
6.876529e+01 1.011652e+02 4.740652e+01 1.225239e+02
4.876558e+01 1.011652e+02 4.061891e+01 1.093119e+02
1.082129e+00 1.011652e+02 3.435034e+01 6.789697e+01
5.556244e+01 1.011652e+02 4.990984e+01 1.068178e+02
6.923388e+01 1.011652e+02 4.057378e+01 1.298253e+02
5.850848e+01 1.011652e+02 3.680852e+01 1.228651e+02
6.385217e+01 1.011652e+02 3.066680e+01 1.343506e+02
