2.478550e+01 0.000000e+00 2.736361e+01 -2.578115e+00
1.004646e+02 0.000000e+00 1.739136e+01 8.307324e+01
3.365710e+01 0.000000e+00 1.814220e+01 1.551490e+01
5.015825e+01 0.000000e+00 1.372387e+01 3.643437e+01
-1.688398e+01 2.206413e+01 3.888246e-01 4.791323e+00
5.515147e+00 2.206413e+01 -8.297450e+00 3.587673e+01
4.718722e+00 2.206413e+01 -2.914222e+00 2.969707e+01
-5.250741e+00 0.000000e+00 1.528922e+01 -2.053996e+01
2.018159e+01 2.206413e+01 -1.219336e+00 4.346506e+01
2.890459e+01 2.206413e+01 5.234712e+00 4.573401e+01
5.114084e+01 0.000000e+00 1.687653e+01 3.426431e+01
-5.071464e+01 2.206413e+01 2.812044e+00 -3.146255e+01
3.286541e+01 0.000000e+00 1.831289e+01 1.455252e+01
1.371619e+01 0.000000e+00 1.580405e+01 -2.087860e+00
7.086661e+00 2.206413e+01 -7.654185e+00 3.680498e+01
4.983039e+01 0.000000e+00 1.112886e+01 3.870154e+01
4.384058e+01 0.000000e+00 1.977232e+01 2.406826e+01
1.062910e+01 0.000000e+00 1.719816e+01 -6.569064e+00
-1.811634e+00 0.000000e+00 2.468353e+01 -2.649516e+01
5.854806e+01 0.000000e+00 2.093042e+01 3.761765e+01
2.393909e+01 0.000000e+00 1.786338e+01 6.075710e+00
1.900698e+01 0.000000e+00 2.532679e+01 -6.319810e+00
1.002758e+01 0.000000e+00 1.655490e+01 -6.527312e+00
-1.019250e+01 0.000000e+00 2.219609e+01 -3.238859e+01
-5.788411e+00 0.000000e+00 2.153087e+01 -2.731928e+01
5.780790e+01 0.000000e+00 2.305286e+01 3.475504e+01
-4.270399e+01 0.000000e+00 1.539680e+01 -5.810079e+01
-4.480828e+00 0.000000e+00 2.054402e+01 -2.502484e+01
1.503883e+01 0.000000e+00 1.674810e+01 -1.709262e+00
2.646799e+00 2.206413e+01 3.540930e+00 2.117000e+01
-2.780062e+00 0.000000e+00 1.934311e+01 -2.212317e+01
-1.860120e+01 2.206413e+01 1.225289e+00 2.237646e+00
7.328504e+01 0.000000e+00 1.638365e+01 5.690139e+01
5.075123e+00 2.206413e+01 7.104568e-01 2.642880e+01
4.529764e+01 0.000000e+00 2.524062e+01 2.005702e+01
-4.984745e+00 0.000000e+00 1.606202e+01 -2.104677e+01
3.605257e+01 0.000000e+00 1.818501e+01 1.786755e+01
4.609240e+00 2.206413e+01 -2.763832e+00 2.943720e+01
-9.680794e+00 0.000000e+00 1.998637e+01 -2.966717e+01
-4.546866e+00 2.206413e+01 1.932769e+00 1.558450e+01
1.100633e+02 0.000000e+00 2.616326e+01 8.390009e+01
-4.396636e-01 0.000000e+00 1.814220e+01 -1.858187e+01
6.077914e+01 0.000000e+00 2.983019e+01 3.094894e+01
3.770737e+01 2.206413e+01 -2.206190e+00 6.197769e+01
3.283206e+01 0.000000e+00 1.767018e+01 1.516188e+01
3.454099e+01 0.000000e+00 1.912906e+01 1.541194e+01
