1.381957e+02 1.614568e+02 9.011444e+01 2.095380e+02
1.015227e+02 1.614568e+02 5.211980e+01 2.108597e+02
1.319908e+02 1.614568e+02 5.200559e+01 2.414420e+02
4.478098e+01 1.614568e+02 4.149878e+01 1.647390e+02
5.468943e+01 1.614568e+02 6.473696e+01 1.514092e+02
7.887943e+01 1.614568e+02 4.100212e+01 1.993341e+02
2.880559e+01 1.614568e+02 5.714433e+01 1.331180e+02
3.013810e+01 1.614568e+02 4.974119e+01 1.418537e+02
2.835785e+01 1.614568e+02 5.534463e+01 1.344700e+02
5.907350e+01 1.614568e+02 9.348892e+01 1.270414e+02
1.619199e+02 1.614568e+02 5.181263e+01 2.715641e+02
1.341521e+02 1.614568e+02 7.573997e+01 2.198689e+02
1.543687e+02 1.614568e+02 6.335121e+01 2.524743e+02
6.284411e+01 1.614568e+02 5.004836e+01 1.742525e+02
8.040164e+00 1.614568e+02 4.475905e+01 1.247379e+02
8.806425e+01 1.614568e+02 3.264203e+01 2.168790e+02
1.084676e+02 1.614568e+02 5.522695e+01 2.146975e+02
4.501083e+01 1.614568e+02 5.369109e+01 1.527765e+02
5.608468e+01 1.614568e+02 7.221191e+01 1.453295e+02
4.417672e+01 1.614568e+02 5.929105e+01 1.463424e+02
6.336393e+01 1.614568e+02 5.127705e+01 1.735437e+02
8.952422e+01 1.614568e+02 7.596884e+01 1.750122e+02
2.061226e+01 1.614568e+02 4.993416e+01 1.321349e+02
8.805304e+01 1.614568e+02 5.948402e+01 1.900258e+02
5.481390e+01 1.614568e+02 6.189806e+01 1.543726e+02
4.545560e+01 1.614568e+02 7.573649e+01 1.311759e+02
1.800513e+01 1.614568e+02 4.587006e+01 1.335919e+02
8.683353e+01 1.614568e+02 6.243364e+01 1.858567e+02
1.094366e+02 1.614568e+02 4.836286e+01 2.225305e+02
1.427687e+02 1.614568e+02 8.179674e+01 2.224287e+02
1.160589e+02 1.614568e+02 5.721962e+01 2.202960e+02
8.052705e+01 1.614568e+02 6.692260e+01 1.750612e+02
3.423227e+01 1.614568e+02 4.533448e+01 1.503546e+02
6.514318e+01 1.614568e+02 6.661543e+01 1.599845e+02
4.746302e+00 1.614568e+02 8.041494e+01 8.578814e+01
3.548496e+00 1.614568e+02 4.345601e+01 1.215493e+02
9.515118e+01 1.614568e+02 5.315551e+01 2.034524e+02
5.183706e+01 1.614568e+02 5.442312e+01 1.588707e+02
3.793207e+01 1.614568e+02 6.097655e+01 1.384123e+02
9.946827e+01 1.614568e+02 7.240441e+01 1.885206e+02
5.942010e+01 1.614568e+02 7.815448e+01 1.427224e+02
1.249801e+01 1.614568e+02 5.200559e+01 1.219492e+02
9.050805e+01 1.614568e+02 9.552143e+01 1.564434e+02
1.030362e+02 1.614568e+02 5.588021e+01 2.086128e+02
4.612281e+01 1.614568e+02 5.284834e+01 1.547312e+02
2.969102e+01 1.614568e+02 5.147002e+01 1.396778e+02
