1.557764e+01 0.000000e+00 1.544298e+01 1.346621e-01
3.149637e+01 0.000000e+00 1.335660e+01 1.813977e+01
2.639284e+01 0.000000e+00 1.466560e+01 1.172724e+01
3.251755e+01 0.000000e+00 1.129128e+01 2.122627e+01
2.655761e+01 1.715891e+01 3.351869e+01 1.019783e+01
3.956959e+01 1.715891e+01 2.807704e+01 2.865145e+01
3.124970e+01 1.715891e+01 3.089466e+01 1.751394e+01
-1.393047e+00 0.000000e+00 1.073658e+01 -1.212963e+01
2.100868e+01 1.715891e+01 3.444653e+01 3.721050e+00
3.270032e+01 1.715891e+01 3.054860e+01 1.931063e+01
2.902181e+01 0.000000e+00 1.260831e+01 1.641350e+01
2.578126e+01 1.715891e+01 3.334014e+01 9.600018e+00
2.441210e+01 0.000000e+00 1.056004e+01 1.385206e+01
1.471007e+01 0.000000e+00 1.148487e+01 3.225199e+00
1.690888e+01 1.715891e+01 2.770591e+01 6.361883e+00
1.879480e+01 0.000000e+00 1.034940e+01 8.445406e+00
2.446634e+01 0.000000e+00 1.616419e+01 8.302151e+00
3.598085e+00 0.000000e+00 1.242274e+01 -8.824655e+00
1.576746e+01 0.000000e+00 1.786038e+01 -2.092914e+00
3.650997e+01 0.000000e+00 1.654134e+01 1.996863e+01
1.636405e+01 0.000000e+00 1.447803e+01 1.886017e+00
2.801815e+01 0.000000e+00 1.748924e+01 1.052891e+01
9.540923e+00 0.000000e+00 1.279388e+01 -3.252954e+00
2.219861e+01 0.000000e+00 1.859864e+01 3.599967e+00
1.653219e+01 0.000000e+00 1.654335e+01 -1.116130e-02
3.276288e+01 0.000000e+00 1.374879e+01 1.901409e+01
-7.787534e+00 0.000000e+00 1.241672e+01 -2.020426e+01
2.067765e+01 0.000000e+00 1.467363e+01 6.004027e+00
4.040720e+01 0.000000e+00 1.372773e+01 2.667947e+01
6.579963e+01 1.715891e+01 3.222272e+01 5.073582e+01
2.105532e+01 0.000000e+00 1.466962e+01 6.385702e+00
4.114903e+01 1.715891e+01 3.408141e+01 2.422652e+01
4.349388e+01 0.000000e+00 1.428644e+01 2.920743e+01
3.668781e+01 1.715891e+01 3.333312e+01 2.051359e+01
-7.651385e-01 0.000000e+00 1.562253e+01 -1.638767e+01
1.704749e+01 0.000000e+00 1.447201e+01 2.575474e+00
-1.867111e+00 0.000000e+00 1.429246e+01 -1.615957e+01
3.025576e+01 1.715891e+01 3.220166e+01 1.521300e+01
2.022839e+01 0.000000e+00 1.429848e+01 5.929909e+00
6.055023e+01 1.715891e+01 3.315056e+01 4.455857e+01
2.748311e+01 0.000000e+00 1.805196e+01 9.431152e+00
-1.224002e+01 0.000000e+00 1.466560e+01 -2.690563e+01
2.495147e+01 0.000000e+00 1.750428e+01 7.447189e+00
6.115055e+01 1.715891e+01 3.257681e+01 4.573264e+01
3.038925e+01 0.000000e+00 1.354417e+01 1.684508e+01
2.477321e+01 0.000000e+00 1.653533e+01 8.237886e+00
