2.122629e+02 1.109598e+02 1.074841e+02 2.157386e+02
1.389080e+02 8.499047e+01 6.299698e+01 1.609015e+02
1.889721e+02 1.015164e+02 7.630240e+01 2.141861e+02
4.667856e+01 5.902116e+01 3.541742e+01 7.028230e+01
1.623687e+02 1.227640e+02 9.767613e+01 1.874566e+02
1.414104e+02 5.429946e+01 2.760134e+01 1.681086e+02
9.994721e+00 8.971216e+01 6.623453e+01 3.347235e+01
4.783483e-01 5.193862e+01 3.477587e+01 1.764109e+01
1.011084e+02 1.345682e+02 1.014291e+02 1.342476e+02
5.281028e+01 8.499047e+01 8.486144e+01 5.293930e+01
-6.896662e+00 7.554708e+01 5.516384e+01 1.348658e+01
3.070478e+02 1.204032e+02 1.025614e+02 3.248895e+02
1.274647e+02 4.957777e+01 4.127139e+01 1.357711e+02
1.328402e+02 6.138200e+01 4.260901e+01 1.516132e+02
1.297141e+01 4.957777e+01 2.610015e+01 3.644904e+01
5.102815e+01 4.721693e+01 2.039269e+01 7.785239e+01
2.732817e+02 1.204032e+02 9.357893e+01 3.001060e+02
9.998969e+01 7.318623e+01 5.441324e+01 1.187627e+02
1.027605e+02 1.416508e+02 1.212675e+02 1.231438e+02
1.116268e+02 1.251249e+02 9.991087e+01 1.368408e+02
9.785884e+01 9.915554e+01 7.394156e+01 1.230728e+02
1.893705e+02 1.369291e+02 1.197663e+02 2.065332e+02
-2.369108e+01 7.790793e+01 5.591444e+01 -1.697592e+00
5.195110e+01 1.510942e+02 1.210494e+02 8.199583e+01
5.646534e+01 1.251249e+02 1.015211e+02 8.006908e+01
7.933430e+01 8.971216e+01 8.140578e+01 8.764068e+01
-1.981003e+01 7.318623e+01 4.958250e+01 3.793708e+00
1.186341e+02 1.015164e+02 8.274340e+01 1.374071e+02
1.103568e+02 8.971216e+01 6.449817e+01 1.355708e+02
7.319868e+01 1.062381e+02 9.483732e+01 8.459945e+01
5.125089e+01 1.015164e+02 7.952290e+01 7.324438e+01
1.263204e+02 1.298465e+02 1.047587e+02 1.514083e+02
1.157124e+02 9.679470e+01 6.836021e+01 1.441469e+02
2.285756e+02 1.204032e+02 9.692553e+01 2.520532e+02
1.144675e+01 1.133206e+02 1.034040e+02 2.136338e+01
1.108987e+02 9.915554e+01 6.911081e+01 1.409435e+02
9.981651e+01 9.679470e+01 7.319096e+01 1.234203e+02
9.408559e+01 1.062381e+02 7.792971e+01 1.223940e+02
8.638791e+01 9.679470e+01 7.802170e+01 1.051609e+02
1.110466e+02 1.180423e+02 9.859031e+01 1.304986e+02
1.269857e+02 1.440116e+02 1.268489e+02 1.441485e+02
-2.587618e+00 1.015164e+02 7.630240e+01 2.262637e+01
9.995020e+01 1.369291e+02 1.318432e+02 1.050361e+02
1.379577e+02 1.109598e+02 8.265140e+01 1.662661e+02
1.215028e+02 8.735131e+01 6.535782e+01 1.434963e+02
1.610475e+02 1.251249e+02 9.508012e+01 1.910922e+02
