1.775597e+01 4.578435e+01 2.831914e+01 3.522118e+01
6.991387e+01 3.506887e+01 3.719862e+01 6.778411e+01
4.608704e+01 4.188781e+01 3.006037e+01 5.791448e+01
1.046341e+02 2.435338e+01 4.775446e+01 8.123301e+01
4.260472e+01 5.065503e+01 2.572659e+01 6.753317e+01
4.368916e+01 2.240511e+01 5.381686e+01 1.227741e+01
-4.459558e+00 3.701714e+01 3.952413e+01 -6.966554e+00
8.015647e+01 2.143097e+01 5.131547e+01 5.027197e+01
2.487266e+01 5.552570e+01 2.005765e+01 6.034071e+01
3.194766e+01 3.506887e+01 4.378736e+01 2.322917e+01
6.103053e+01 3.117233e+01 4.125482e+01 5.094804e+01
2.051377e+01 4.968089e+01 2.741916e+01 4.277550e+01
7.701167e+01 2.045684e+01 5.316770e+01 4.430081e+01
1.578241e+01 2.532751e+01 4.725928e+01 -6.149354e+00
7.085383e+01 2.045684e+01 5.608443e+01 3.522624e+01
1.734724e+01 1.948270e+01 5.230583e+01 -1.547588e+01
-5.140651e-01 4.968089e+01 2.210764e+01 2.705919e+01
4.117561e+01 3.019819e+01 4.238861e+01 2.898520e+01
4.453121e+01 5.844811e+01 1.397903e+01 8.900029e+01
5.961433e+01 5.162916e+01 2.031902e+01 9.092448e+01
1.009286e+01 4.091368e+01 3.103451e+01 1.997203e+01
1.845220e+01 5.649984e+01 1.624661e+01 5.870543e+01
4.635805e+00 3.214646e+01 4.012103e+01 -3.338765e+00
2.261291e+00 6.234465e+01 9.124579e+00 5.548136e+01
1.632678e+01 5.162916e+01 2.047867e+01 4.747727e+01
2.584280e+01 3.701714e+01 3.660740e+01 2.625253e+01
8.252849e+01 3.019819e+01 4.190965e+01 7.081703e+01
1.534085e+02 4.188781e+01 3.069898e+01 1.645973e+02
-5.745279e+01 3.701714e+01 3.493105e+01 -5.536670e+01
4.839370e+01 4.383608e+01 3.390258e+01 5.832721e+01
2.300504e+01 4.188781e+01 3.037968e+01 3.451317e+01
1.814753e+01 5.357743e+01 2.280418e+01 4.892078e+01
5.455740e+01 3.993954e+01 3.168934e+01 6.280760e+01
3.623525e+01 4.968089e+01 2.686038e+01 5.905577e+01
6.435854e+01 4.675849e+01 2.670640e+01 8.441063e+01
7.098358e+01 4.091368e+01 3.055555e+01 8.134171e+01
3.317792e+00 3.993954e+01 3.216830e+01 1.108904e+01
5.324363e+01 4.383608e+01 3.222623e+01 6.485348e+01
2.267244e+01 3.993954e+01 3.264725e+01 2.996473e+01
5.578307e+01 4.870676e+01 2.823364e+01 7.625619e+01
-2.863746e+00 5.942224e+01 1.332420e+01 4.323430e+01
-5.538264e+00 4.188781e+01 3.006037e+01 6.289174e+00
6.701673e+00 5.649984e+01 1.744400e+01 4.575751e+01
1.824081e+01 4.578435e+01 3.027796e+01 3.374721e+01
7.494684e+01 3.604300e+01 3.622449e+01 7.476535e+01
6.647162e+01 5.162916e+01 1.984007e+01 9.826072e+01
