4.480067e+00 5.250515e+01 2.406413e+01 3.292108e+01
2.004652e+01 6.741402e+01 7.215286e+00 8.024525e+01
2.108992e+01 7.000686e+01 5.856970e+00 8.523981e+01
4.488639e+01 6.871044e+01 3.978884e+00 1.096179e+02
1.025576e+01 6.611759e+01 1.517901e+01 6.119434e+01
1.387063e+01 6.741402e+01 8.768099e+00 7.251655e+01
1.161798e+01 6.482117e+01 1.400637e+01 6.243278e+01
-2.276247e+00 6.352475e+01 8.635493e+00 5.261301e+01
1.076176e+00 7.259971e+01 9.578701e+00 6.409719e+01
3.938876e+01 4.602303e+01 3.245179e+01 5.296000e+01
2.616201e+01 6.611759e+01 7.806263e+00 8.447335e+01
4.833958e+01 6.028369e+01 2.083655e+01 8.778672e+01
4.479410e+01 5.639442e+01 1.558946e+01 8.559906e+01
4.176107e+00 6.482117e+01 8.044516e+00 6.095276e+01
1.370227e+01 6.482117e+01 1.100822e+01 6.751522e+01
4.013603e+00 7.130329e+01 5.042293e-01 7.481266e+01
1.594636e+01 7.130329e+01 5.971440e+00 8.127821e+01
2.637179e+00 6.482117e+01 8.926324e+00 5.853203e+01
1.700469e+01 6.611759e+01 1.274439e+01 7.037789e+01
3.696478e+01 7.000686e+01 7.620587e+00 9.935106e+01
1.421381e+01 7.000686e+01 5.680609e+00 7.854007e+01
1.513889e+01 6.352475e+01 1.498451e+01 6.367912e+01
-1.045791e+01 6.741402e+01 6.686201e+00 5.026990e+01
8.423046e+00 7.389613e+01 5.671295e+00 7.664789e+01
1.054279e+01 6.871044e+01 8.917010e+00 7.033622e+01
7.015180e+01 5.639442e+01 1.858761e+01 1.079586e+02
-2.228272e+01 6.871044e+01 5.037054e+00 4.139067e+01
-1.829850e+00 6.482117e+01 1.104266e+01 5.194866e+01
1.459103e+01 7.000686e+01 4.975162e+00 7.962273e+01
2.787593e+01 5.509799e+01 2.496408e+01 5.800985e+01
3.587925e+00 6.741402e+01 8.449817e+00 6.255212e+01
8.683870e+00 6.611759e+01 1.570809e+01 5.909337e+01
4.662919e+01 7.259971e+01 2.911400e+00 1.163175e+02
1.729421e+01 6.482117e+01 1.629907e+01 6.581630e+01
1.753700e+01 5.769084e+01 1.905480e+01 5.617304e+01
3.087522e+00 7.389613e+01 1.791339e+00 7.519232e+01
1.000245e+01 6.871044e+01 6.800671e+00 7.191222e+01
1.363229e+01 6.871044e+01 1.135163e+01 7.099110e+01
2.344419e+01 6.482117e+01 1.068994e+01 7.757542e+01
4.957529e+01 6.158011e+01 1.936377e+01 9.179163e+01
7.533936e+01 6.352475e+01 1.551360e+01 1.233505e+02
-2.732457e+01 7.000686e+01 5.856970e+00 3.682532e+01
1.701028e+01 5.380157e+01 2.470769e+01 4.610416e+01
3.229186e+01 6.871044e+01 1.170435e+01 8.929794e+01
1.176873e+01 6.741402e+01 7.391647e+00 7.179110e+01
-8.285320e+00 7.389613e+01 3.731317e+00 6.187950e+01
