4.804701e+01 3.606065e+01 3.603271e+01 4.807496e+01
5.513443e+01 2.762093e+01 2.868795e+01 5.406741e+01
5.950723e+01 3.299166e+01 3.424911e+01 5.824978e+01
3.216831e+01 1.918120e+01 2.034344e+01 3.100607e+01
5.316406e+01 3.989689e+01 4.209049e+01 5.097046e+01
3.514304e+01 1.764670e+01 1.993551e+01 3.285423e+01
1.597589e+01 2.915542e+01 3.125380e+01 1.387751e+01
1.048598e+01 1.687945e+01 1.766083e+01 9.704604e+00
3.877473e+01 4.373313e+01 4.640280e+01 3.610507e+01
2.253188e+01 2.762093e+01 2.833869e+01 2.181411e+01
2.709104e+01 2.455193e+01 2.552374e+01 2.611923e+01
7.332515e+01 3.912964e+01 4.089477e+01 7.156002e+01
6.688419e+01 1.611221e+01 1.636991e+01 6.662649e+01
5.589201e+01 1.994845e+01 2.082504e+01 5.501542e+01
1.149825e+01 1.611221e+01 1.821059e+01 9.399873e+00
2.892167e+01 1.534496e+01 1.669763e+01 2.756900e+01
7.390169e+01 3.912964e+01 4.048231e+01 7.254902e+01
3.984460e+01 2.378469e+01 2.466128e+01 3.896800e+01
4.692554e+01 4.603488e+01 4.700668e+01 4.595373e+01
9.535033e+01 4.066414e+01 4.192159e+01 9.409287e+01
4.696544e+01 3.222441e+01 3.348187e+01 4.570799e+01
4.824223e+01 4.450038e+01 4.528176e+01 4.746085e+01
7.327110e+00 2.531918e+01 2.638620e+01 6.260087e+00
5.298399e+01 4.910387e+01 5.064696e+01 5.144090e+01
3.918328e+01 4.066414e+01 4.182638e+01 3.802104e+01
4.991426e+01 2.915542e+01 2.941312e+01 4.965656e+01
3.704074e+01 2.378469e+01 2.494692e+01 3.587851e+01
4.052745e+01 3.299166e+01 3.386825e+01 3.965086e+01
3.646364e+01 2.915542e+01 3.041287e+01 3.520619e+01
6.264447e+01 3.452616e+01 3.591043e+01 6.126020e+01
3.361898e+01 3.299166e+01 3.405868e+01 3.255196e+01
5.188179e+01 4.219864e+01 4.439223e+01 4.968819e+01
6.867556e+01 3.145717e+01 3.290505e+01 6.722768e+01
5.738969e+01 3.912964e+01 4.122802e+01 5.529131e+01
2.693751e+01 3.682790e+01 3.718081e+01 2.658460e+01
4.468466e+01 3.222441e+01 3.376751e+01 4.314157e+01
3.604898e+01 3.145717e+01 3.261940e+01 3.488675e+01
4.377006e+01 3.452616e+01 3.691018e+01 4.138604e+01
3.379710e+01 3.145717e+01 3.233376e+01 3.292051e+01
5.235580e+01 3.836240e+01 4.022274e+01 5.049545e+01
8.104405e+01 4.680212e+01 4.758350e+01 8.026267e+01
-5.167730e-01 3.299166e+01 3.424911e+01 -1.774225e+00
3.377506e+01 4.450038e+01 4.456765e+01 3.370779e+01
9.971658e+01 3.606065e+01 3.844468e+01 9.733256e+01
4.846909e+01 2.838817e+01 2.945520e+01 4.740207e+01
4.766342e+01 4.066414e+01 4.220724e+01 4.612032e+01
