1.316481e+01 5.184130e+01 1.446262e+01 5.054349e+01
6.137935e+01 6.656167e+01 2.684105e+01 1.011000e+02
4.030876e+01 6.912173e+01 3.089144e+01 7.853906e+01
4.555834e+01 6.784170e+01 2.577914e+01 8.762090e+01
3.513375e+01 6.528164e+01 3.518309e+01 6.523229e+01
4.850628e+01 6.656167e+01 3.028893e+01 8.477903e+01
1.768660e+01 6.400161e+01 3.092241e+01 5.076580e+01
1.381459e+01 6.272157e+01 2.002030e+01 5.651586e+01
2.779683e+01 7.168180e+01 4.264777e+01 5.683086e+01
1.901783e+01 4.544114e+01 1.193614e+01 5.252283e+01
3.555969e+01 6.528164e+01 2.470940e+01 7.613192e+01
3.351103e+01 5.952149e+01 2.921004e+01 6.382248e+01
3.935726e+01 5.568140e+01 1.276722e+01 8.227143e+01
4.603935e+01 6.400161e+01 2.215195e+01 8.788900e+01
1.054356e+01 6.400161e+01 2.730305e+01 4.724211e+01
2.336801e+01 7.040177e+01 2.727469e+01 6.649508e+01
4.107667e+01 7.040177e+01 3.387470e+01 7.760374e+01
9.391662e+00 6.400161e+01 2.321647e+01 5.017680e+01
4.266275e+01 6.528164e+01 3.067070e+01 7.727369e+01
6.909153e+01 6.912173e+01 3.302047e+01 1.051928e+02
3.951777e+01 6.912173e+01 3.067853e+01 7.796097e+01
2.667445e+01 6.272157e+01 2.768483e+01 6.171120e+01
1.136595e+01 6.656167e+01 2.620234e+01 5.172528e+01
4.855245e+01 7.296183e+01 3.920250e+01 8.231178e+01
2.996349e+01 6.784170e+01 3.174044e+01 6.606475e+01
2.694862e+01 5.568140e+01 1.638658e+01 6.624344e+01
4.620191e+01 6.784170e+01 2.705656e+01 8.698704e+01
2.484687e+01 6.400161e+01 2.577131e+01 6.307716e+01
4.710455e+01 6.912173e+01 2.982692e+01 8.639936e+01
4.696181e+01 5.440136e+01 2.281250e+01 7.855068e+01
4.663182e+01 6.656167e+01 2.833137e+01 8.486211e+01
4.801591e+01 6.528164e+01 3.582180e+01 7.747575e+01
9.127738e+01 7.168180e+01 3.302569e+01 1.299335e+02
4.357846e+01 6.400161e+01 3.369016e+01 7.388990e+01
1.204631e+01 5.696143e+01 1.979565e+01 4.921209e+01
2.797712e+01 7.296183e+01 3.451863e+01 6.642032e+01
2.276719e+01 6.784170e+01 2.918560e+01 6.142329e+01
3.716795e+01 6.784170e+01 3.625283e+01 6.875682e+01
3.259297e+01 6.400161e+01 2.534550e+01 7.124907e+01
5.051255e+01 6.080153e+01 3.027717e+01 8.103691e+01
4.091692e+01 6.272157e+01 2.832354e+01 7.531495e+01
8.464075e+00 6.912173e+01 3.089144e+01 4.669437e+01
2.549435e+01 5.312133e+01 1.808459e+01 6.053110e+01
9.122631e+01 6.784170e+01 3.667864e+01 1.223894e+02
4.411493e+01 6.656167e+01 2.705395e+01 8.362265e+01
3.256546e+01 7.296183e+01 3.686057e+01 6.866672e+01
