-5.223184e+00 1.019330e+02 4.625925e+01 5.045058e+01
5.800375e+01 1.308770e+02 1.120453e+01 1.776762e+02
5.513911e+01 1.359107e+02 1.005948e+01 1.809903e+02
7.508730e+01 1.333938e+02 2.576890e+00 2.059042e+02
7.936814e+00 1.283601e+02 3.046630e+01 1.058306e+02
5.365816e-01 1.308770e+02 1.183921e+01 1.195743e+02
3.244526e+01 1.258432e+02 2.520582e+01 1.330827e+02
-3.266475e+00 1.233264e+02 1.097777e+01 1.090821e+02
-7.227682e+00 1.409444e+02 2.065961e+01 1.130571e+02
1.005374e+02 8.934869e+01 6.058930e+01 1.292968e+02
5.858902e+01 1.283601e+02 1.149929e+01 1.754498e+02
1.657595e+01 1.170342e+02 4.123667e+01 9.237348e+01
7.325718e+01 1.094836e+02 2.426500e+01 1.584758e+02
2.578419e+01 1.258432e+02 1.068301e+01 1.409444e+02
7.850671e+00 1.258432e+02 1.576189e+01 1.179320e+02
2.175982e+00 1.384275e+02 -5.234465e+00 1.458380e+02
1.773934e+01 1.384275e+02 1.198682e+01 1.441801e+02
-8.242768e+00 1.258432e+02 1.346063e+01 1.041398e+02
4.867587e+01 1.283601e+02 2.705400e+01 1.499820e+02
5.483178e+01 1.359107e+02 1.561473e+01 1.751277e+02
1.377509e+01 1.359107e+02 9.503953e+00 1.401818e+02
2.085965e+01 1.233264e+02 3.097668e+01 1.132093e+02
5.234842e+00 1.308770e+02 9.537956e+00 1.265738e+02
2.596670e+01 1.434613e+02 1.417491e+01 1.552531e+02
2.186815e+01 1.333938e+02 1.813159e+01 1.371304e+02
9.855429e+01 1.094836e+02 3.370893e+01 1.743290e+02
2.176409e+01 1.333938e+02 5.910041e+00 1.492479e+02
6.815254e+00 1.258432e+02 2.012694e+01 1.125315e+02
1.815533e+01 1.359107e+02 7.281852e+00 1.467842e+02
6.983442e+01 1.069667e+02 4.797098e+01 1.288302e+02
-7.946790e-01 1.308770e+02 1.509321e+01 1.149891e+02
3.021431e+01 1.283601e+02 3.213288e+01 1.264415e+02
1.234680e+02 1.409444e+02 3.914699e+00 2.604977e+02
4.243522e+01 1.258432e+02 3.242764e+01 1.358508e+02
4.282886e+01 1.120005e+02 3.674732e+01 1.180820e+02
-2.376759e+00 1.434613e+02 1.953360e+00 1.391312e+02
2.263120e+01 1.333938e+02 1.146529e+01 1.445597e+02
1.654620e+01 1.333938e+02 2.154390e+01 1.283961e+02
4.560962e+01 1.258432e+02 1.901589e+01 1.524370e+02
9.413573e+01 1.195511e+02 3.816428e+01 1.755225e+02
4.904644e+01 1.233264e+02 3.264325e+01 1.397295e+02
-9.995059e+00 1.359107e+02 1.005948e+01 1.158561e+02
6.807239e+00 1.044499e+02 4.985316e+01 6.140395e+01
9.525239e+00 1.333938e+02 2.265495e+01 1.202641e+02
5.865622e+00 1.308770e+02 1.176006e+01 1.249825e+02
-1.384234e+01 1.434613e+02 8.064137e+00 1.215548e+02
