-2.072328e+01 6.070132e+01 -1.332037e+01 5.329841e+01
6.457014e-01 6.070132e+01 -5.150828e+00 6.649785e+01
1.891038e+00 6.070132e+01 -1.795434e+00 6.438779e+01
4.695859e+00 6.070132e+01 -6.620402e+00 7.201758e+01
3.799507e+00 6.070132e+01 2.261797e+00 6.223903e+01
-6.688626e+00 6.070132e+01 -3.114734e+00 5.712743e+01
4.041552e+00 6.070132e+01 -1.694958e+00 6.643783e+01
-2.388665e+01 6.070132e+01 -1.094361e+01 4.775827e+01
2.428352e+01 6.070132e+01 7.937118e+00 7.704772e+01
-8.676132e+00 6.070132e+01 -1.544023e+01 6.746541e+01
-8.843186e+00 6.070132e+01 -6.937052e+00 5.879519e+01
-8.436004e+00 6.070132e+01 -2.086306e+00 5.435162e+01
-3.915583e+01 6.070132e+01 -1.620972e+01 3.775521e+01
-2.572542e+01 6.070132e+01 -9.157382e+00 4.413328e+01
-5.393318e+00 6.070132e+01 -5.384862e+00 6.069286e+01
-1.940297e-01 6.070132e+01 -5.869645e+00 6.637694e+01
-6.045011e+00 6.070132e+01 8.590026e-01 5.379731e+01
-2.461428e+00 6.070132e+01 -8.072116e+00 6.631201e+01
-1.146482e+01 6.070132e+01 -8.595635e-01 5.009607e+01
-6.540682e+00 6.070132e+01 3.750978e-01 5.378554e+01
6.789304e-01 6.070132e+01 -2.012487e+00 6.339274e+01
-8.590352e+00 6.070132e+01 -3.129692e+00 5.524066e+01
-1.080751e+01 6.070132e+01 -5.801988e+00 5.569580e+01
3.173068e+00 6.070132e+01 5.516716e+00 5.835767e+01
6.800211e+00 6.070132e+01 -5.429133e-01 6.804445e+01
-1.162618e+01 6.070132e+01 -1.251982e+01 6.159496e+01
-9.014203e+00 6.070132e+01 -5.318083e+00 5.700520e+01
-3.412709e+00 6.070132e+01 -5.467478e+00 6.275609e+01
4.922507e+00 6.070132e+01 -2.880700e+00 6.850453e+01
-1.870936e+01 6.070132e+01 -7.060670e+00 4.905263e+01
-1.321839e+01 6.070132e+01 -3.631456e+00 5.111439e+01
2.048559e+00 6.070132e+01 2.912956e+00 5.983692e+01
9.490826e+00 6.070132e+01 -3.935179e-01 7.058566e+01
2.465395e+00 6.070132e+01 1.126733e+00 6.203998e+01
-2.309535e+01 6.070132e+01 -9.431274e+00 4.703724e+01
4.343751e-03 6.070132e+01 7.415464e-01 5.996412e+01
-3.749431e+01 6.070132e+01 -3.147551e+00 2.635456e+01
1.506779e+01 6.070132e+01 2.578447e+00 7.319067e+01
-1.486644e+00 6.070132e+01 -5.901585e+00 6.511626e+01
-3.103716e+00 6.070132e+01 -1.385348e+00 5.898295e+01
-5.952930e+00 6.070132e+01 -2.478533e+00 5.722692e+01
-2.986684e+01 6.070132e+01 -1.795434e+00 3.262992e+01
9.291892e+00 6.070132e+01 -1.001478e+01 8.000799e+01
-1.449672e+00 6.070132e+01 3.012553e+00 5.623910e+01
-6.637950e+00 6.070132e+01 -4.933775e+00 5.899715e+01
-9.682930e+00 6.070132e+01 3.129131e+00 4.788926e+01
