8.012145e+00 0.000000e+00 1.349052e+01 -5.478378e+00
1.406107e+01 0.000000e+00 1.045418e+01 3.606891e+00
2.841161e+01 0.000000e+00 1.234410e+01 1.606751e+01
1.985372e+01 0.000000e+00 7.465501e+00 1.238821e+01
3.490770e+01 2.930944e+01 4.410873e+01 2.010842e+01
2.583655e+01 2.930944e+01 3.623691e+01 1.890908e+01
1.091666e+02 2.930944e+01 4.031527e+01 9.816074e+01
1.521653e+01 0.000000e+00 6.669803e+00 8.546730e+00
5.222533e+01 2.930944e+01 4.544246e+01 3.609232e+01
2.042703e+01 2.930944e+01 3.983853e+01 9.897952e+00
-2.135870e+00 0.000000e+00 9.373578e+00 -1.150945e+01
2.468721e+01 2.930944e+01 4.385787e+01 1.013878e+01
4.718831e+01 0.000000e+00 6.423485e+00 4.076483e+01
2.282232e+01 0.000000e+00 7.750405e+00 1.507192e+01
1.485079e+01 2.930944e+01 3.570342e+01 8.456808e+00
2.006021e+01 0.000000e+00 6.099995e+00 1.396021e+01
2.536376e+01 0.000000e+00 1.450984e+01 1.085392e+01
1.796029e+01 0.000000e+00 9.106832e+00 8.853459e+00
1.773800e+01 0.000000e+00 1.696957e+01 7.684352e-01
3.981858e+01 0.000000e+00 1.505695e+01 2.476163e+01
1.488139e+01 0.000000e+00 1.207281e+01 2.808573e+00
2.006661e+01 0.000000e+00 1.643608e+01 3.630532e+00
3.502561e+01 0.000000e+00 9.640323e+00 2.538529e+01
5.375447e+01 0.000000e+00 1.802747e+01 3.572700e+01
-1.984294e-02 0.000000e+00 1.506149e+01 -1.508133e+01
2.260962e+01 0.000000e+00 1.103534e+01 1.157428e+01
-1.329017e+01 0.000000e+00 9.093213e+00 -2.238339e+01
2.548646e+01 0.000000e+00 1.236226e+01 1.312420e+01
6.135225e+01 0.000000e+00 1.098767e+01 5.036457e+01
8.472488e+01 2.930944e+01 4.224832e+01 7.178600e+01
5.391721e+01 0.000000e+00 1.235318e+01 4.156403e+01
5.081567e+01 2.930944e+01 4.492259e+01 3.520253e+01
1.660094e+00 0.000000e+00 1.179245e+01 -1.013235e+01
6.494050e+01 2.930944e+01 4.384198e+01 5.040796e+01
-2.572087e+01 0.000000e+00 1.374365e+01 -3.946452e+01
2.235092e+01 0.000000e+00 1.205919e+01 1.029172e+01
1.235846e+01 0.000000e+00 1.180607e+01 5.523937e-01
3.639319e+00 2.930944e+01 4.220065e+01 -9.251889e+00
2.336375e+01 0.000000e+00 1.181969e+01 1.154406e+01
7.562116e+01 2.930944e+01 4.358205e+01 6.134856e+01
1.946549e+01 0.000000e+00 1.724993e+01 2.215560e+00
-1.749820e+00 0.000000e+00 1.234410e+01 -1.409392e+01
4.435868e+01 0.000000e+00 1.647012e+01 2.788856e+01
3.611195e+01 2.930944e+01 4.274322e+01 2.267817e+01
1.191214e+02 0.000000e+00 1.072546e+01 1.083959e+02
5.379160e+01 0.000000e+00 1.504333e+01 3.874827e+01
