4.406634e+01 2.018408e+01 2.018408e+01 4.406634e+01
9.154544e+00 2.018408e+01 2.018408e+01 9.154544e+00
1.570616e+00 2.018408e+01 2.018408e+01 1.570616e+00
-8.775057e+00 2.018408e+01 2.018408e+01 -8.775057e+00
-4.579738e+00 2.018408e+01 2.018408e+01 -4.579738e+00
3.875664e+01 2.018408e+01 2.018408e+01 3.875664e+01
1.306742e+01 2.018408e+01 2.018408e+01 1.306742e+01
1.223698e+01 2.018408e+01 2.018408e+01 1.223698e+01
3.322936e+01 2.018408e+01 2.018408e+01 3.322936e+01
1.971070e+01 2.018408e+01 2.018408e+01 1.971070e+01
1.646877e+01 2.018408e+01 2.018408e+01 1.646877e+01
5.035862e+00 2.018408e+01 2.018408e+01 5.035862e+00
4.848638e+01 2.018408e+01 2.018408e+01 4.848638e+01
6.206657e-01 2.018408e+01 2.018408e+01 6.206657e-01
1.926673e+01 2.018408e+01 2.018408e+01 1.926673e+01
1.978267e+01 2.018408e+01 2.018408e+01 1.978267e+01
1.778246e+01 2.018408e+01 2.018408e+01 1.778246e+01
9.251645e+00 2.018408e+01 2.018408e+01 9.251645e+00
1.578922e+01 2.018408e+01 2.018408e+01 1.578922e+01
4.376957e+01 2.018408e+01 2.018408e+01 4.376957e+01
4.072054e+01 2.018408e+01 2.018408e+01 4.072054e+01
2.954762e+01 2.018408e+01 2.018408e+01 2.954762e+01
2.884157e+01 2.018408e+01 2.018408e+01 2.884157e+01
