2.066193e+01 1.445115e+01 1.445115e+01 2.066193e+01
3.159190e+01 1.445115e+01 1.445115e+01 3.159190e+01
-1.728728e+01 1.445115e+01 1.445115e+01 -1.728728e+01
-7.086821e+00 1.445115e+01 1.445115e+01 -7.086821e+00
2.467426e+00 1.445115e+01 1.445115e+01 2.467426e+00
4.122540e+01 1.445115e+01 1.445115e+01 4.122540e+01
1.909870e+01 1.445115e+01 1.445115e+01 1.909870e+01
2.211391e+01 1.445115e+01 1.445115e+01 2.211391e+01
1.746062e+01 1.445115e+01 1.445115e+01 1.746062e+01
1.482831e+01 1.445115e+01 1.445115e+01 1.482831e+01
1.201462e+01 1.445115e+01 1.445115e+01 1.201462e+01
9.159761e+00 1.445115e+01 1.445115e+01 9.159761e+00
4.680760e+01 1.445115e+01 1.445115e+01 4.680760e+01
2.344818e+01 1.445115e+01 1.445115e+01 2.344818e+01
1.387687e+01 1.445115e+01 1.445115e+01 1.387687e+01
6.164117e+00 1.445115e+01 1.445115e+01 6.164117e+00
1.522004e+01 1.445115e+01 1.445115e+01 1.522004e+01
8.710580e+00 1.445115e+01 1.445115e+01 8.710580e+00
6.006158e+00 1.445115e+01 1.445115e+01 6.006158e+00
2.148474e+01 1.445115e+01 1.445115e+01 2.148474e+01
2.416347e+01 1.445115e+01 1.445115e+01 2.416347e+01
1.481078e+01 1.445115e+01 1.445115e+01 1.481078e+01
1.958352e+01 1.445115e+01 1.445115e+01 1.958352e+01
