2.278982e+01 3.793838e+01 3.793838e+01 2.278982e+01
4.091466e+01 3.793838e+01 3.793838e+01 4.091466e+01
8.608056e+01 3.793838e+01 3.793838e+01 8.608056e+01
6.638123e+01 3.793838e+01 3.793838e+01 6.638123e+01
4.835103e+01 3.793838e+01 3.793838e+01 4.835103e+01
4.828848e+01 3.793838e+01 3.793838e+01 4.828848e+01
1.626946e+01 3.793838e+01 3.793838e+01 1.626946e+01
6.890339e+00 3.793838e+01 3.793838e+01 6.890339e+00
3.425764e+01 3.793838e+01 3.793838e+01 3.425764e+01
3.435420e+01 3.793838e+01 3.793838e+01 3.435420e+01
3.760313e+01 3.793838e+01 3.793838e+01 3.760313e+01
4.131038e+01 3.793838e+01 3.793838e+01 4.131038e+01
5.021524e+01 3.793838e+01 3.793838e+01 5.021524e+01
5.682204e+01 3.793838e+01 3.793838e+01 5.682204e+01
1.121244e+01 3.793838e+01 3.793838e+01 1.121244e+01
2.604739e+01 3.793838e+01 3.793838e+01 2.604739e+01
3.407415e+01 3.793838e+01 3.793838e+01 3.407415e+01
1.911082e+01 3.793838e+01 3.793838e+01 1.911082e+01
5.839059e+01 3.793838e+01 3.793838e+01 5.839059e+01
4.833355e+01 3.793838e+01 3.793838e+01 4.833355e+01
3.639919e+01 3.793838e+01 3.793838e+01 3.639919e+01
3.458124e+01 3.793838e+01 3.793838e+01 3.458124e+01
4.806409e+01 3.793838e+01 3.793838e+01 4.806409e+01
