1.323238e+01 1.692067e+01 1.692067e+01 1.323238e+01
2.957617e+01 1.692067e+01 1.692067e+01 2.957617e+01
6.890715e+00 1.692067e+01 1.692067e+01 6.890715e+00
-2.043713e+01 1.692067e+01 1.692067e+01 -2.043713e+01
1.783019e+01 1.692067e+01 1.692067e+01 1.783019e+01
1.479268e+01 1.692067e+01 1.692067e+01 1.479268e+01
2.410705e+01 1.692067e+01 1.692067e+01 2.410705e+01
2.731360e+01 1.692067e+01 1.692067e+01 2.731360e+01
2.547401e+01 1.692067e+01 1.692067e+01 2.547401e+01
2.094878e+01 1.692067e+01 1.692067e+01 2.094878e+01
2.009105e+01 1.692067e+01 1.692067e+01 2.009105e+01
2.217432e+01 1.692067e+01 1.692067e+01 2.217432e+01
2.963979e+01 1.692067e+01 1.692067e+01 2.963979e+01
-1.528491e+01 1.692067e+01 1.692067e+01 -1.528491e+01
7.580673e+00 1.692067e+01 1.692067e+01 7.580673e+00
4.484017e+01 1.692067e+01 1.692067e+01 4.484017e+01
1.422649e+01 1.692067e+01 1.692067e+01 1.422649e+01
5.203626e+01 1.692067e+01 1.692067e+01 5.203626e+01
4.169932e+01 1.692067e+01 1.692067e+01 4.169932e+01
1.181279e+01 1.692067e+01 1.692067e+01 1.181279e+01
1.644351e+01 1.692067e+01 1.692067e+01 1.644351e+01
4.419054e+01 1.692067e+01 1.692067e+01 4.419054e+01
8.100443e+00 1.692067e+01 1.692067e+01 8.100443e+00
3.382296e+00 1.692067e+01 1.692067e+01 3.382296e+00
1.702620e+01 1.692067e+01 1.692067e+01 1.702620e+01
