3.840281e+01 4.368825e+01 1.691619e+01 6.517486e+01
8.914685e+00 5.609355e+01 4.510886e+00 6.049735e+01
-1.696553e+01 5.825100e+01 2.353442e+00 3.893203e+01
2.038713e+01 5.717228e+01 3.432164e+00 7.412724e+01
8.634395e+00 5.501483e+01 5.589608e+00 5.805962e+01
1.104410e+01 5.609355e+01 4.510886e+00 6.262677e+01
1.126326e+01 5.393611e+01 6.668330e+00 5.853104e+01
2.185321e+01 5.285739e+01 7.747052e+00 6.696355e+01
1.141172e+01 6.040844e+01 1.959971e-01 7.162417e+01
-1.702310e+00 3.829464e+01 2.230980e+01 1.428253e+01
2.541463e+01 5.501483e+01 5.589608e+00 7.483986e+01
5.647688e+00 5.016058e+01 1.044386e+01 4.536441e+01
3.378379e+01 4.692442e+01 1.368002e+01 6.702818e+01
2.572751e+00 5.393611e+01 6.668330e+00 4.984053e+01
-1.416212e+00 5.393611e+01 6.668330e+00 4.585157e+01
6.458169e+00 5.932972e+01 1.274719e+00 6.451317e+01
-5.277356e+00 5.932972e+01 1.274719e+00 5.277765e+01
-2.763325e+01 5.393611e+01 6.668330e+00 1.963453e+01
2.450715e+01 5.501483e+01 5.589608e+00 7.393237e+01
-2.266992e-02 5.825100e+01 2.353442e+00 5.587489e+01
-1.010886e+01 5.825100e+01 2.353442e+00 4.578869e+01
1.297804e+01 5.285739e+01 7.747052e+00 5.808837e+01
-4.234027e+00 5.609355e+01 4.510886e+00 4.734864e+01
1.128973e+01 6.148716e+01 -8.827251e-01 7.365962e+01
9.479973e+00 5.717228e+01 3.432164e+00 6.322009e+01
1.374930e+01 4.692442e+01 1.368002e+01 4.699369e+01
9.591756e+00 5.717228e+01 3.432164e+00 6.333187e+01
1.003382e+01 5.393611e+01 6.668330e+00 5.730160e+01
-8.130956e+00 5.825100e+01 2.353442e+00 4.776660e+01
1.256451e+01 4.584569e+01 1.475875e+01 4.365145e+01
5.983318e+00 5.609355e+01 4.510886e+00 5.756599e+01
7.470481e+00 5.501483e+01 5.589608e+00 5.689571e+01
-6.942426e+00 6.040844e+01 1.959971e-01 5.327002e+01
1.669297e+01 5.393611e+01 6.668330e+00 6.396075e+01
7.172073e+00 4.800314e+01 1.260130e+01 4.257391e+01
9.982422e+00 6.148716e+01 -8.827251e-01 7.235231e+01
2.494294e+01 5.717228e+01 3.432164e+00 7.868305e+01
3.430461e+01 5.717228e+01 3.432164e+00 8.804473e+01
2.267217e+01 5.393611e+01 6.668330e+00 6.993995e+01
6.804108e+00 5.123930e+01 9.365136e+00 4.867828e+01
9.169984e+00 5.285739e+01 7.747052e+00 5.428032e+01
1.182765e+01 5.825100e+01 2.353442e+00 6.772521e+01
-7.910143e-01 4.476697e+01 1.583747e+01 2.813849e+01
4.586277e+00 5.717228e+01 3.432164e+00 5.832639e+01
2.904521e+01 5.609355e+01 4.510886e+00 8.062788e+01
-6.344805e-01 6.148716e+01 -8.827251e-01 6.173541e+01
8.208590e+00 5.285739e+01 7.747052e+00 5.331893e+01
4.780633e+00 5.609355e+01 4.510886e+00 5.636330e+01
1.405153e+01 5.016058e+01 1.044386e+01 5.376826e+01
2.054349e+01 4.692442e+01 1.368002e+01 5.378788e+01
1.190316e+01 5.285739e+01 7.747052e+00 5.701350e+01
-1.687050e+01 5.609355e+01 4.510886e+00 3.471217e+01
-7.139247e+00 6.256589e+01 -1.961447e+00 5.738809e+01
2.116447e+01 5.231803e+01 8.286414e+00 6.519609e+01
2.664448e+01 5.016058e+01 1.044386e+01 6.636121e+01
-1.066204e+00 5.717228e+01 3.432164e+00 5.267391e+01
2.375666e+01 5.016058e+01 1.044386e+01 6.347339e+01
3.211135e+01 5.393611e+01 6.668330e+00 7.937913e+01
-1.686355e+01 5.932972e+01 1.274719e+00 4.119145e+01
-1.136022e+00 5.609355e+01 4.510886e+00 5.044665e+01
1.208549e+01 4.584569e+01 1.475875e+01 4.317244e+01
2.291650e+01 5.501483e+01 5.589608e+00 7.234173e+01
-8.234766e-01 5.501483e+01 5.589608e+00 4.860175e+01
1.774260e+01 5.717228e+01 3.432164e+00 7.148271e+01
1.160732e+01 5.285739e+01 7.747052e+00 5.671766e+01
4.500443e+01 4.800314e+01 1.260130e+01 8.040626e+01
2.232039e+01 3.937336e+01 2.123108e+01 4.046267e+01
1.703991e+01 6.148716e+01 -8.827251e-01 7.940980e+01
2.850700e+01 5.285739e+01 7.747052e+00 7.361734e+01
9.548545e+00 5.285739e+01 7.747052e+00 5.465888e+01
1.514448e+01 5.231803e+01 8.286414e+00 5.917609e+01
