5.626105e+01 4.006934e+01 4.006934e+01 5.626105e+01
-1.436260e+00 4.006934e+01 4.006934e+01 -1.436260e+00
4.375303e+01 4.006934e+01 4.006934e+01 4.375303e+01
6.746143e+01 4.006934e+01 4.006934e+01 6.746143e+01
2.912643e+01 4.006934e+01 4.006934e+01 2.912643e+01
5.737366e+01 4.006934e+01 4.006934e+01 5.737366e+01
3.425327e+01 4.006934e+01 4.006934e+01 3.425327e+01
5.361764e+01 4.006934e+01 4.006934e+01 5.361764e+01
4.579858e+01 4.006934e+01 4.006934e+01 4.579858e+01
3.328129e+01 4.006934e+01 4.006934e+01 3.328129e+01
5.898853e+01 4.006934e+01 4.006934e+01 5.898853e+01
4.885843e+01 4.006934e+01 4.006934e+01 4.885843e+01
3.570785e+01 4.006934e+01 4.006934e+01 3.570785e+01
1.718375e+01 4.006934e+01 4.006934e+01 1.718375e+01
3.814185e+01 4.006934e+01 4.006934e+01 3.814185e+01
5.073391e+01 4.006934e+01 4.006934e+01 5.073391e+01
4.319688e+01 4.006934e+01 4.006934e+01 4.319688e+01
2.780024e+01 4.006934e+01 4.006934e+01 2.780024e+01
5.442113e+01 4.006934e+01 4.006934e+01 5.442113e+01
4.400000e+01 4.006934e+01 4.006934e+01 4.400000e+01
3.090395e+01 4.006934e+01 4.006934e+01 3.090395e+01
3.924103e+01 4.006934e+01 4.006934e+01 3.924103e+01
4.735666e+01 4.006934e+01 4.006934e+01 4.735666e+01
4.882114e+01 4.006934e+01 4.006934e+01 4.882114e+01
2.877844e+01 4.006934e+01 4.006934e+01 2.877844e+01
