-6.798230e+00 5.675267e+01 -1.205520e+01 6.200965e+01
1.370398e+01 5.675267e+01 6.366720e-01 6.981998e+01
1.427592e+00 5.675267e+01 2.843955e+00 5.533631e+01
6.775179e+00 5.675267e+01 1.740313e+00 6.178754e+01
1.162227e+00 5.675267e+01 -4.669693e-01 5.838187e+01
2.069678e+00 5.675267e+01 6.366720e-01 5.818568e+01
2.670793e-01 5.675267e+01 -1.570611e+00 5.859036e+01
4.622470e+01 5.675267e+01 -2.674252e+00 1.056516e+02
2.026974e+01 5.675267e+01 5.051237e+00 7.197118e+01
-1.856433e+01 5.675267e+01 -1.757341e+01 5.576175e+01
1.100497e+01 5.675267e+01 -4.669693e-01 6.822461e+01
6.905223e-01 5.675267e+01 -5.433355e+00 6.287655e+01
-4.370007e+01 5.675267e+01 -8.744279e+00 2.179689e+01
-8.899475e-01 5.675267e+01 -1.570611e+00 5.743334e+01
-1.756853e+00 5.675267e+01 -1.570611e+00 5.656643e+01
4.662469e+01 5.675267e+01 3.947596e+00 9.942977e+01
3.978521e+00 5.675267e+01 3.947596e+00 5.678360e+01
1.180743e+01 5.675267e+01 -1.570611e+00 7.013072e+01
8.130803e+00 5.675267e+01 -4.669693e-01 6.535045e+01
3.052771e+01 5.675267e+01 2.843955e+00 8.443643e+01
-7.972080e+00 5.675267e+01 2.843955e+00 4.593664e+01
-8.911944e+00 5.675267e+01 -2.674252e+00 5.051498e+01
2.083212e+01 5.675267e+01 6.366720e-01 7.694812e+01
8.397016e+00 5.675267e+01 6.154878e+00 5.899481e+01
3.981627e+00 5.675267e+01 1.740313e+00 5.899399e+01
-1.080958e+01 5.675267e+01 -8.744279e+00 5.468737e+01
3.857386e+00 5.675267e+01 1.740313e+00 5.886975e+01
2.328923e+00 5.675267e+01 -1.570611e+00 6.065221e+01
2.657769e+01 5.675267e+01 2.843955e+00 8.048641e+01
-1.300136e+01 5.675267e+01 -9.847920e+00 5.359923e+01
-1.764241e+01 5.675267e+01 6.366720e-01 3.847359e+01
3.562375e+00 5.675267e+01 -4.669693e-01 6.078202e+01
8.765877e+00 5.675267e+01 5.051237e+00 6.046731e+01
1.142888e+01 5.675267e+01 -1.570611e+00 6.975217e+01
-8.592853e+00 5.675267e+01 -7.640638e+00 5.580046e+01
7.422416e+00 5.675267e+01 6.154878e+00 5.802021e+01
6.829002e+00 5.675267e+01 1.740313e+00 6.184136e+01
-1.166243e+01 5.675267e+01 1.740313e+00 4.334993e+01
-4.208909e+01 5.675267e+01 -1.570611e+00 1.623419e+01
-8.526049e-01 5.675267e+01 -4.329714e+00 6.022978e+01
5.751967e+00 5.675267e+01 -2.674252e+00 6.517889e+01
-7.908818e+00 5.675267e+01 2.843955e+00 4.599990e+01
-1.087460e+00 5.675267e+01 -1.095156e+01 6.661678e+01
-2.441792e+00 5.675267e+01 1.740313e+00 5.257057e+01
-2.086446e+01 5.675267e+01 6.366720e-01 3.525154e+01
-6.554747e+00 5.675267e+01 6.154878e+00 4.404305e+01
-5.848879e+00 5.675267e+01 -2.674252e+00 5.357805e+01
-2.677786e+01 5.675267e+01 6.366720e-01 2.933815e+01
-1.169696e+00 5.675267e+01 -5.433355e+00 6.101633e+01
1.764081e+01 5.675267e+01 -8.744279e+00 8.313776e+01
-2.464507e+01 5.675267e+01 -2.674252e+00 3.478186e+01
-4.051852e+00 5.675267e+01 6.366720e-01 5.206415e+01
2.531041e+01 5.675267e+01 7.258520e+00 7.480456e+01
2.485298e+01 5.675267e+01 -3.226072e+00 8.483173e+01
-4.132004e+01 5.675267e+01 -5.433355e+00 2.086599e+01
-8.326072e+00 5.675267e+01 1.740313e+00 4.668629e+01
-1.182220e+01 5.675267e+01 -5.433355e+00 5.036382e+01
-9.879539e+00 5.675267e+01 -1.570611e+00 4.844375e+01
-4.549588e+00 5.675267e+01 3.947596e+00 4.825549e+01
-9.314685e+00 5.675267e+01 6.366720e-01 4.680132e+01
-6.797813e+00 5.675267e+01 -9.847920e+00 5.980278e+01
-7.247457e+00 5.675267e+01 -4.669693e-01 4.997219e+01
2.343179e+01 5.675267e+01 -4.669693e-01 8.065143e+01
3.530035e+00 5.675267e+01 1.740313e+00 5.854240e+01
-1.728829e+01 5.675267e+01 -2.674252e+00 4.213864e+01
-1.157650e+01 5.675267e+01 -7.640638e+00 5.281681e+01
5.757399e+00 5.675267e+01 -1.646977e+01 7.897984e+01
2.168200e+01 5.675267e+01 6.154878e+00 7.227979e+01
6.857039e+00 5.675267e+01 -2.674252e+00 6.628397e+01
-1.615744e+01 5.675267e+01 -2.674252e+00 4.326949e+01
-1.341881e+01 5.675267e+01 -3.226072e+00 4.655994e+01
