4.080848e+01 8.683445e+01 2.304032e+01 1.046026e+02
-8.322904e+00 1.114912e+02 -1.616381e+00 1.047846e+02
-5.252687e+00 1.157793e+02 -5.904502e+00 1.164311e+02
4.070012e+01 1.136352e+02 -3.760441e+00 1.580958e+02
8.455186e+00 1.093471e+02 5.276799e-01 1.172746e+02
6.335553e+00 1.114912e+02 -1.616381e+00 1.194431e+02
2.487491e+01 1.072030e+02 2.671741e+00 1.294062e+02
4.144522e+00 1.050590e+02 4.815801e+00 1.043877e+02
-7.222017e+00 1.200674e+02 -1.019262e+01 1.230380e+02
-9.262526e+01 7.611415e+01 3.376062e+01 -5.027173e+01
2.708393e+01 1.093471e+02 5.276799e-01 1.359033e+02
1.637179e+01 9.969882e+01 1.017595e+01 1.058947e+02
6.359881e+01 9.326664e+01 1.660813e+01 1.402573e+02
-5.570297e+00 1.072030e+02 2.671741e+00 9.896099e+01
-2.123008e+01 1.072030e+02 2.671741e+00 8.330121e+01
-1.630753e+01 1.179233e+02 -8.048563e+00 1.096644e+02
-4.660413e+01 1.179233e+02 -8.048563e+00 7.936776e+01
2.528273e+01 1.072030e+02 2.671741e+00 1.298140e+02
1.091480e+01 1.093471e+02 5.276799e-01 1.197342e+02
-3.702494e+01 1.157793e+02 -5.904502e+00 8.465883e+01
-4.069790e+01 1.157793e+02 -5.904502e+00 8.098587e+01
1.268608e+01 1.050590e+02 4.815801e+00 1.129293e+02
-2.549397e+01 1.114912e+02 -1.616381e+00 8.761356e+01
2.631800e+01 1.222115e+02 -1.233668e+01 1.608661e+02
-9.354877e+00 1.136352e+02 -3.760441e+00 1.080408e+02
1.696328e+01 9.326664e+01 1.660813e+01 9.362178e+01
-1.954038e+01 1.136352e+02 -3.760441e+00 9.785527e+01
-4.348706e+00 1.072030e+02 2.671741e+00 1.001826e+02
-4.341921e+01 1.157793e+02 -5.904502e+00 7.826457e+01
-5.857197e+00 9.112258e+01 1.875220e+01 6.651318e+01
1.533931e+00 1.114912e+02 -1.616381e+00 1.146415e+02
3.845196e+00 1.093471e+02 5.276799e-01 1.126646e+02
1.805551e+01 1.200674e+02 -1.019262e+01 1.483155e+02
8.541156e+00 1.072030e+02 2.671741e+00 1.130724e+02
2.518113e+01 9.541070e+01 1.446407e+01 1.061278e+02
-1.811696e+01 1.222115e+02 -1.233668e+01 1.164312e+02
2.284260e+01 1.136352e+02 -3.760441e+00 1.402383e+02
-2.463256e+01 1.136352e+02 -3.760441e+00 9.276310e+01
1.208540e+02 1.072030e+02 2.671741e+00 2.253852e+02
3.059945e+00 1.018429e+02 8.031892e+00 9.687093e+01
1.056090e+01 1.050590e+02 4.815801e+00 1.108041e+02
-1.140617e+01 1.157793e+02 -5.904502e+00 1.102776e+02
-3.497831e+01 8.897852e+01 2.089626e+01 3.310395e+01
-1.933245e+01 1.136352e+02 -3.760441e+00 9.806320e+01
9.883522e+00 1.114912e+02 -1.616381e+00 1.229911e+02
-1.223697e+01 1.222115e+02 -1.233668e+01 1.223112e+02
3.444731e+00 1.050590e+02 4.815801e+00 1.036879e+02
1.689602e+01 1.114912e+02 -1.616381e+00 1.300035e+02
1.355258e+01 9.969882e+01 1.017595e+01 1.030754e+02
5.566644e+01 9.326664e+01 1.660813e+01 1.323249e+02
3.160741e-01 1.050590e+02 4.815801e+00 1.005592e+02
-2.250186e+01 1.114912e+02 -1.616381e+00 9.060567e+01
-6.588853e+00 1.243555e+02 -1.448074e+01 1.322474e+02
2.846681e+01 1.039869e+02 5.887831e+00 1.265659e+02
4.339575e+01 9.969882e+01 1.017595e+01 1.329186e+02
-4.211745e+01 1.136352e+02 -3.760441e+00 7.527820e+01
-6.468847e+00 9.969882e+01 1.017595e+01 8.305402e+01
-1.298318e+01 1.072030e+02 2.671741e+00 9.154811e+01
-4.727353e+01 1.179233e+02 -8.048563e+00 7.869836e+01
-1.942705e+01 1.114912e+02 -1.616381e+00 9.368048e+01
8.996787e+00 9.112258e+01 1.875220e+01 8.136717e+01
-3.308097e+01 1.093471e+02 5.276799e-01 7.573844e+01
-1.013816e+00 1.093471e+02 5.276799e-01 1.078056e+02
-1.111984e+01 1.136352e+02 -3.760441e+00 1.062758e+02
5.186996e+01 1.050590e+02 4.815801e+00 1.521131e+02
4.001398e+01 9.541070e+01 1.446407e+01 1.209606e+02
-2.236083e+01 7.825821e+01 3.161656e+01 2.428082e+01
5.368560e+00 1.222115e+02 -1.233668e+01 1.399167e+02
1.616910e+01 1.050590e+02 4.815801e+00 1.164123e+02
4.395375e+01 1.050590e+02 4.815801e+00 1.441969e+02
-1.393916e+01 1.039869e+02 5.887831e+00 8.415995e+01
