1.078125e+01 5.203146e+01 9.489546e+00 5.332316e+01
-1.947444e+01 6.680582e+01 -5.284819e+00 5.261620e+01
-1.967549e+01 6.937528e+01 -7.854274e+00 5.755406e+01
1.695142e+01 6.809055e+01 -6.569546e+00 9.161152e+01
-8.964675e-01 6.552110e+01 -4.000092e+00 6.862472e+01
1.053069e+00 6.680582e+01 -5.284819e+00 7.314371e+01
9.624581e+00 6.423637e+01 -2.715364e+00 7.657632e+01
3.508083e+01 6.295164e+01 -1.430637e+00 9.946311e+01
-1.586580e+01 7.194473e+01 -1.042373e+01 6.650267e+01
-4.049724e+01 4.560782e+01 1.591318e+01 -1.080260e+01
1.039476e+01 6.552110e+01 -4.000092e+00 7.991595e+01
1.956239e+01 5.973982e+01 1.781182e+00 7.752103e+01
2.319673e+01 5.588564e+01 5.635364e+00 7.344700e+01
-2.048124e+01 6.423637e+01 -2.715364e+00 4.647049e+01
-3.109907e+01 6.423637e+01 -2.715364e+00 3.585266e+01
-2.620093e+01 7.066001e+01 -9.139001e+00 5.359808e+01
-2.678068e+01 7.066001e+01 -9.139001e+00 5.301833e+01
1.021358e+01 6.423637e+01 -2.715364e+00 7.716531e+01
-1.698878e+00 6.552110e+01 -4.000092e+00 6.782231e+01
-2.663527e+01 6.937528e+01 -7.854274e+00 5.059429e+01
-3.195162e+01 6.937528e+01 -7.854274e+00 4.527793e+01
-7.166155e+00 6.295164e+01 -1.430637e+00 5.721612e+01
-1.631905e+01 6.680582e+01 -5.284819e+00 5.577160e+01
-1.582186e+01 7.322946e+01 -1.170846e+01 6.911606e+01
-7.776846e+00 6.809055e+01 -6.569546e+00 6.688325e+01
-1.427768e+00 5.588564e+01 5.635364e+00 4.882251e+01
1.789026e+00 6.809055e+01 -6.569546e+00 7.644912e+01
-2.058193e+01 6.423637e+01 -2.715364e+00 4.636980e+01
-3.448528e+01 6.937528e+01 -7.854274e+00 4.274427e+01
4.522104e+00 5.460091e+01 6.920091e+00 5.220293e+01
-9.179024e-01 6.680582e+01 -5.284819e+00 7.117274e+01
-4.055680e+00 6.552110e+01 -4.000092e+00 6.546551e+01
5.175632e+00 7.194473e+01 -1.042373e+01 8.754410e+01
-1.487986e+01 6.423637e+01 -2.715364e+00 5.207188e+01
4.253525e+00 5.717037e+01 4.350637e+00 5.707326e+01
5.170998e+00 7.322946e+01 -1.170846e+01 9.010892e+01
2.814335e+00 6.809055e+01 -6.569546e+00 7.747443e+01
-1.676547e+01 6.809055e+01 -6.569546e+00 5.789463e+01
-8.504612e+00 6.423637e+01 -2.715364e+00 5.844712e+01
7.661001e+00 6.102455e+01 4.964544e-01 6.818910e+01
1.168670e+01 6.295164e+01 -1.430637e+00 7.606898e+01
-5.522999e+00 6.937528e+01 -7.854274e+00 7.170655e+01
-1.180196e+01 5.331619e+01 8.204819e+00 3.330941e+01
-3.098384e+01 6.809055e+01 -6.569546e+00 4.367626e+01
-1.654268e+01 6.680582e+01 -5.284819e+00 5.554797e+01
-7.376252e+00 7.322946e+01 -1.170846e+01 7.756167e+01
1.798812e+00 6.295164e+01 -1.430637e+00 6.618109e+01
-1.514294e+01 6.680582e+01 -5.284819e+00 5.694770e+01
2.108887e+00 5.973982e+01 1.781182e+00 6.006753e+01
1.398436e+01 5.588564e+01 5.635364e+00 6.423464e+01
-1.713351e+00 6.295164e+01 -1.430637e+00 6.266893e+01
-2.380089e+01 6.680582e+01 -5.284819e+00 4.828976e+01
-2.354754e+00 7.451419e+01 -1.299318e+01 8.515262e+01
4.291791e+00 6.230928e+01 -7.882731e-01 6.738934e+01
2.516353e+01 5.973982e+01 1.781182e+00 8.312217e+01
2.743670e-01 6.809055e+01 -6.569546e+00 7.493447e+01
-1.620933e+01 5.973982e+01 1.781182e+00 4.174932e+01
-6.114521e+00 6.423637e+01 -2.715364e+00 6.083721e+01
-2.131376e+01 7.066001e+01 -9.139001e+00 5.848524e+01
-1.470294e+01 6.680582e+01 -5.284819e+00 5.738770e+01
2.481708e+00 5.460091e+01 6.920091e+00 5.016253e+01
-2.140135e+01 6.552110e+01 -4.000092e+00 4.811984e+01
-1.845456e+00 6.552110e+01 -4.000092e+00 6.767573e+01
-2.190711e+01 6.809055e+01 -6.569546e+00 5.275299e+01
3.095068e+01 6.295164e+01 -1.430637e+00 9.533296e+01
9.980978e+00 5.717037e+01 4.350637e+00 6.280071e+01
-1.559523e+01 4.689255e+01 1.462846e+01 1.666886e+01
-5.304803e-01 7.322946e+01 -1.170846e+01 8.440744e+01
1.725403e+00 6.295164e+01 -1.430637e+00 6.610768e+01
2.514042e+01 6.295164e+01 -1.430637e+00 8.952270e+01
-1.791774e+01 6.230928e+01 -7.882731e-01 4.517981e+01
