-8.765280e-01 4.798320e+01 -9.359749e+00 5.646642e+01
1.730251e+01 4.798320e+01 1.607403e+00 6.367831e+01
-1.170678e+01 4.798320e+01 3.514733e+00 3.276169e+01
-2.415134e+00 4.798320e+01 2.561068e+00 4.300700e+01
-1.267448e+00 4.798320e+01 6.537371e-01 4.606201e+01
1.917275e+01 4.798320e+01 1.607403e+00 6.554854e+01
6.875472e-01 4.798320e+01 -2.999283e-01 4.897067e+01
3.862066e+01 4.798320e+01 -1.253594e+00 8.785745e+01
3.266541e+01 4.798320e+01 5.422064e+00 7.522655e+01
-2.530256e+01 4.798320e+01 -1.412808e+01 3.680871e+01
1.589175e+01 4.798320e+01 6.537371e-01 6.322121e+01
1.769895e+00 4.798320e+01 -3.637757e+00 5.339085e+01
-3.457290e+01 4.798320e+01 -6.498753e+00 1.990906e+01
-5.424715e+00 4.798320e+01 -2.999283e-01 4.285841e+01
-2.222916e+01 4.798320e+01 -2.999283e-01 2.605397e+01
2.216996e+01 4.798320e+01 4.468399e+00 6.568476e+01
1.835707e+01 4.798320e+01 4.468399e+00 6.187186e+01
5.884895e+00 4.798320e+01 -2.999283e-01 5.416802e+01
5.187923e+00 4.798320e+01 6.537371e-01 5.251738e+01
2.054971e+01 4.798320e+01 3.514733e+00 6.501817e+01
-6.895516e+00 4.798320e+01 3.514733e+00 3.757295e+01
6.028712e-01 4.798320e+01 -1.253594e+00 4.983966e+01
1.800686e+01 4.798320e+01 1.607403e+00 6.438265e+01
1.263138e+01 4.798320e+01 6.375729e+00 5.423885e+01
-8.116477e-01 4.798320e+01 2.561068e+00 4.461048e+01
-2.050436e+01 4.798320e+01 -6.498753e+00 3.397759e+01
4.794729e+00 4.798320e+01 2.561068e+00 5.021686e+01
1.450989e+01 4.798320e+01 -2.999283e-01 6.279302e+01
9.479227e+00 4.798320e+01 3.514733e+00 5.394769e+01
-4.616702e+00 4.798320e+01 -7.452419e+00 5.081891e+01
-9.714087e+00 4.798320e+01 1.607403e+00 3.666171e+01
6.292634e-01 4.798320e+01 6.537371e-01 4.795872e+01
1.162474e+01 4.798320e+01 5.422064e+00 5.418588e+01
1.379633e+01 4.798320e+01 -2.999283e-01 6.207946e+01
-4.037676e+00 4.798320e+01 -5.545088e+00 4.949061e+01
8.562763e+00 4.798320e+01 6.375729e+00 5.017023e+01
-1.356712e+00 4.798320e+01 2.561068e+00 4.406542e+01
-1.634811e+01 4.798320e+01 2.561068e+00 2.907402e+01
-1.943647e+01 4.798320e+01 -2.999283e-01 2.884666e+01
3.091337e+00 4.798320e+01 -2.684092e+00 5.375863e+01
-2.617883e+01 4.798320e+01 -1.253594e+00 2.305796e+01
-4.144116e+00 4.798320e+01 3.514733e+00 4.032435e+01
5.981515e+00 4.798320e+01 -8.406084e+00 6.237080e+01
4.989695e+00 4.798320e+01 2.561068e+00 5.041182e+01
-1.655917e+01 4.798320e+01 1.607403e+00 2.981663e+01
2.279302e+00 4.798320e+01 6.375729e+00 4.388677e+01
-1.131517e+00 4.798320e+01 -1.253594e+00 4.810527e+01
-1.758494e+01 4.798320e+01 1.607403e+00 2.879085e+01
-2.704366e+00 4.798320e+01 -3.637757e+00 4.891659e+01
2.342036e+01 4.798320e+01 -6.498753e+00 7.790231e+01
-2.803982e+01 4.798320e+01 -1.253594e+00 2.119697e+01
-9.820980e+00 4.798320e+01 1.607403e+00 3.655482e+01
2.132293e+01 4.798320e+01 7.329395e+00 6.197673e+01
2.010545e+01 4.798320e+01 -1.730426e+00 6.981908e+01
-1.811752e+01 4.798320e+01 -3.637757e+00 3.350344e+01
2.927944e-01 4.798320e+01 2.561068e+00 4.571492e+01
3.224936e-01 4.798320e+01 -3.637757e+00 5.194345e+01
3.738880e+00 4.798320e+01 -2.999283e-01 5.202201e+01
-6.170394e+00 4.798320e+01 4.468399e+00 3.734440e+01
-8.315320e+00 4.798320e+01 1.607403e+00 3.806047e+01
-1.327384e+01 4.798320e+01 -7.452419e+00 4.216178e+01
-8.602291e+00 4.798320e+01 6.537371e-01 3.872717e+01
1.417701e+01 4.798320e+01 6.537371e-01 6.150647e+01
1.053460e+00 4.798320e+01 2.561068e+00 4.647559e+01
-1.066438e+01 4.798320e+01 -1.253594e+00 3.857241e+01
-5.273523e+00 4.798320e+01 -5.545088e+00 4.825476e+01
-9.739427e-01 4.798320e+01 -1.317441e+01 6.018367e+01
9.731448e+00 4.798320e+01 6.375729e+00 5.133892e+01
1.549419e+00 4.798320e+01 -1.253594e+00 5.078621e+01
-1.526263e+01 4.798320e+01 -1.253594e+00 3.397416e+01
-3.053374e+01 4.798320e+01 -1.730426e+00 1.917989e+01
