9.000945e+00 1.318572e+01 1.318572e+01 9.000945e+00
9.126409e+00 1.318572e+01 1.318572e+01 9.126409e+00
3.245702e+00 1.318572e+01 1.318572e+01 3.245702e+00
-5.112236e+00 1.318572e+01 1.318572e+01 -5.112236e+00
1.139677e-01 1.318572e+01 1.318572e+01 1.139677e-01
1.947753e+01 1.318572e+01 1.318572e+01 1.947753e+01
2.001765e+01 1.318572e+01 1.318572e+01 2.001765e+01
1.176757e+01 1.318572e+01 1.318572e+01 1.176757e+01
1.951732e+01 1.318572e+01 1.318572e+01 1.951732e+01
9.824245e+00 1.318572e+01 1.318572e+01 9.824245e+00
1.545520e+01 1.318572e+01 1.318572e+01 1.545520e+01
1.908996e+01 1.318572e+01 1.318572e+01 1.908996e+01
4.523422e+01 1.318572e+01 1.318572e+01 4.523422e+01
4.212828e+01 1.318572e+01 1.318572e+01 4.212828e+01
3.777685e+00 1.318572e+01 1.318572e+01 3.777685e+00
1.510137e+01 1.318572e+01 1.318572e+01 1.510137e+01
1.805127e+01 1.318572e+01 1.318572e+01 1.805127e+01
1.346215e+01 1.318572e+01 1.318572e+01 1.346215e+01
-4.869901e+00 1.318572e+01 1.318572e+01 -4.869901e+00
2.362209e+01 1.318572e+01 1.318572e+01 2.362209e+01
1.671357e+01 1.318572e+01 1.318572e+01 1.671357e+01
1.198031e+01 1.318572e+01 1.318572e+01 1.198031e+01
1.542056e+01 1.318572e+01 1.318572e+01 1.542056e+01
