2.970637e+01 3.763110e+01 1.746017e+01 4.987729e+01
1.853685e+01 2.882382e+01 2.655068e+01 2.081000e+01
1.257527e+01 3.442845e+01 2.099530e+01 2.600842e+01
7.555844e+01 2.001654e+01 3.538258e+01 6.019240e+01
1.421725e+01 4.163441e+01 1.845013e+01 3.740152e+01
7.598479e+01 1.841522e+01 4.169395e+01 5.270605e+01
2.358922e+01 3.042514e+01 2.963477e+01 2.437959e+01
3.873267e+01 1.761456e+01 3.768606e+01 1.866117e+01
3.144520e+01 4.563772e+01 1.456997e+01 6.251294e+01
1.493122e+01 2.882382e+01 3.087898e+01 1.287606e+01
3.489612e+01 2.562117e+01 2.972870e+01 3.078860e+01
4.071648e+01 4.083375e+01 1.913997e+01 6.241025e+01
6.164199e+01 1.681390e+01 3.835126e+01 4.010463e+01
1.948355e+01 2.081720e+01 3.450804e+01 5.792717e+00
4.719361e+01 1.681390e+01 4.324602e+01 2.076148e+01
5.718274e+01 1.601323e+01 3.943515e+01 3.376083e+01
1.695625e+01 4.083375e+01 1.461464e+01 4.317536e+01
3.987297e+01 2.482051e+01 3.050473e+01 3.418876e+01
2.034231e+01 4.803970e+01 7.310168e+00 6.107184e+01
1.555734e+01 4.243507e+01 1.298868e+01 4.500373e+01
2.140714e+01 3.362779e+01 2.179596e+01 3.323896e+01
1.003595e+01 4.643838e+01 8.862235e+00 4.761209e+01
3.354806e+01 2.642184e+01 2.895266e+01 3.101724e+01
1.264074e+01 5.124235e+01 4.255291e+00 5.962780e+01
1.651482e+01 4.243507e+01 1.296406e+01 4.598584e+01
