7.276423e+01 1.463984e+02 5.276043e+01 1.664022e+02
2.698914e+01 1.463984e+02 3.149483e+01 1.418927e+02
1.198642e+01 1.463984e+02 2.584771e+01 1.325371e+02
7.777377e+01 1.463984e+02 3.184156e+01 1.923306e+02
3.036152e+01 1.463984e+02 3.078012e+01 1.459798e+02
6.359936e+01 1.463984e+02 3.506238e+01 1.749354e+02
4.314087e+01 1.463984e+02 3.589940e+01 1.536399e+02
4.767795e+01 1.463984e+02 4.073075e+01 1.533456e+02
3.860743e+01 1.463984e+02 1.939533e+01 1.656105e+02
2.872543e+01 1.463984e+02 6.618229e+01 1.089415e+02
4.553335e+01 1.463984e+02 3.442771e+01 1.575040e+02
6.226776e+01 1.463984e+02 4.026119e+01 1.684050e+02
8.056126e+01 1.463984e+02 5.227014e+01 1.746895e+02
2.280650e+01 1.463984e+02 3.779787e+01 1.314070e+02
5.595114e+01 1.463984e+02 3.961630e+01 1.627332e+02
5.527480e+01 1.463984e+02 2.881813e+01 1.728551e+02
2.917012e+01 1.463984e+02 2.204027e+01 1.535282e+02
5.061757e+01 1.463984e+02 3.670467e+01 1.603113e+02
4.705476e+01 1.463984e+02 2.830577e+01 1.651474e+02
2.682424e+01 1.463984e+02 2.366130e+01 1.495613e+02
2.396149e+01 1.463984e+02 2.606635e+01 1.442935e+02
4.328124e+01 1.463984e+02 3.285968e+01 1.568199e+02
4.962868e+01 1.463984e+02 3.215075e+01 1.638763e+02
2.764048e+01 1.463984e+02 1.508130e+01 1.589576e+02
3.041675e+01 1.463984e+02 2.571962e+01 1.510955e+02
