2.924557e+01 0.000000e+00 1.845782e+01 1.078775e+01
1.157471e+01 0.000000e+00 1.739553e+01 -5.820818e+00
1.069240e+01 0.000000e+00 1.649090e+01 -5.798500e+00
5.607460e+01 0.000000e+00 1.811435e+01 3.796025e+01
4.452649e+01 2.328638e+01 3.955926e+01 2.825361e+01
6.678300e+01 2.328638e+01 4.173189e+01 4.833750e+01
5.837868e+01 2.328638e+01 4.085963e+01 4.080543e+01
3.085340e+01 0.000000e+00 1.903516e+01 1.181824e+01
3.823191e+01 2.328638e+01 3.830728e+01 2.321102e+01
2.151315e+01 2.328638e+01 4.348078e+01 1.318748e+00
3.049138e+01 0.000000e+00 1.788823e+01 1.260315e+01
5.423643e+01 2.328638e+01 4.040335e+01 3.711946e+01
2.658004e+01 0.000000e+00 2.004889e+01 6.531157e+00
5.924288e+00 0.000000e+00 1.854246e+01 -1.261818e+01
3.588765e+01 2.328638e+01 4.223268e+01 1.694135e+01
3.103123e+01 0.000000e+00 1.817893e+01 1.285230e+01
2.450985e+01 0.000000e+00 1.567513e+01 8.834723e+00
3.601235e+01 0.000000e+00 1.813863e+01 1.787372e+01
2.218261e+01 0.000000e+00 1.562674e+01 6.555869e+00
1.335416e+01 0.000000e+00 1.568323e+01 -2.329061e+00
1.185491e+01 0.000000e+00 1.657167e+01 -4.716759e+00
1.404486e+01 0.000000e+00 1.612753e+01 -2.082670e+00
3.282977e+01 0.000000e+00 1.763783e+01 1.519193e+01
2.804672e+01 0.000000e+00 1.428590e+01 1.376082e+01
1.785304e+01 0.000000e+00 1.585285e+01 2.000187e+00
