8.504288e+01 9.332574e+01 4.764493e+01 1.307237e+02
2.671626e+01 7.148354e+01 5.704917e+01 4.115063e+01
4.427957e+01 8.538312e+01 4.098647e+01 8.867622e+01
1.389919e+02 4.964135e+01 7.780980e+01 1.108235e+02
-2.204077e+00 1.032540e+02 5.671719e+01 4.433275e+01
1.243296e+02 4.567004e+01 1.132196e+02 5.678000e+01
8.889284e+01 7.545485e+01 8.559790e+01 7.874979e+01
9.277115e+01 4.368439e+01 8.809301e+01 4.836253e+01
8.493831e+01 1.131823e+02 4.138111e+01 1.567395e+02
6.560869e+01 7.148354e+01 1.052518e+02 3.184038e+01
4.984438e+01 6.354093e+01 6.607335e+01 4.731196e+01
1.689533e+02 1.012684e+02 6.356987e+01 2.066518e+02
1.306685e+02 4.169873e+01 9.602725e+01 7.634000e+01
3.890316e+01 5.162700e+01 7.906883e+01 1.146133e+01
1.045010e+02 4.169873e+01 1.193540e+02 2.684567e+01
1.157699e+02 3.971308e+01 8.557495e+01 6.990798e+01
2.960058e+01 1.012684e+02 2.401968e+01 1.068493e+02
1.214510e+02 6.155527e+01 6.914056e+01 1.138657e+02
-1.723862e+01 1.191392e+02 1.047503e+01 9.142559e+01
4.123332e+01 1.052397e+02 2.112993e+01 1.253431e+02
1.074551e+02 8.339747e+01 4.297212e+01 1.478805e+02
-6.145412e+00 1.151679e+02 1.660946e+01 9.241306e+01
6.336013e+01 6.552658e+01 6.300613e+01 6.588059e+01
6.129865e+01 1.270819e+02 -3.956949e+00 1.923375e+02
1.391154e+02 1.052397e+02 2.221149e+01 2.221436e+02
