1.038578e+02 2.113182e+02 -3.900271e+01 3.541787e+02
-5.283030e+00 2.113182e+02 5.534861e+00 2.005003e+02
-5.788879e+01 2.113182e+02 1.488827e+01 1.385411e+02
2.736659e+01 2.113182e+02 7.596037e+00 2.310887e+02
2.325411e+01 2.113182e+02 1.191718e+01 2.226551e+02
2.076282e+00 2.113182e+02 1.073150e+01 2.026629e+02
1.927468e+01 2.113182e+02 5.346473e+00 2.252464e+02
-2.295850e+00 2.113182e+02 -9.126591e+00 2.181489e+02
2.550646e+01 2.113182e+02 3.304594e+01 2.037787e+02
3.672679e-01 2.113182e+02 -5.367217e+01 2.653576e+02
1.090566e+01 2.113182e+02 7.679644e-01 2.214559e+02
-2.671825e+01 2.113182e+02 -6.467369e+00 1.910673e+02
-4.735833e+01 2.113182e+02 -3.155651e+01 1.955163e+02
3.329224e+01 2.113182e+02 -4.359694e+00 2.489701e+02
4.326917e+00 2.113182e+02 2.279991e+00 2.133651e+02
4.610823e+01 2.113182e+02 1.478487e+01 2.426415e+02
3.613228e+01 2.113182e+02 2.037669e+01 2.270738e+02
-1.331074e+01 2.113182e+02 -3.457788e+00 2.014652e+02
4.047091e+01 2.113182e+02 5.818641e+00 2.459704e+02
-2.253872e+00 2.113182e+02 1.669208e+01 1.923722e+02
8.647905e+01 2.113182e+02 1.470789e+01 2.830893e+02
-2.372137e+01 2.113182e+02 -2.632864e+00 1.902297e+02
1.819851e+01 2.113182e+02 4.993717e+00 2.245230e+02
2.801549e+01 2.113182e+02 3.081239e+01 2.085213e+02
-2.353759e+01 2.113182e+02 1.264671e+01 1.751339e+02
