6.912035e+01 1.036792e+02 4.895017e+01 1.238494e+02
2.149866e+01 1.331190e+02 1.937608e+01 1.352416e+02
6.217354e+00 1.382390e+02 1.434159e+01 1.301148e+02
4.429499e+01 1.356790e+02 1.668178e+01 1.632922e+02
3.135295e+01 1.305591e+02 2.758828e+01 1.343237e+02
4.643269e+01 1.331190e+02 2.467420e+01 1.548775e+02
4.197980e+01 1.279991e+02 2.997732e+01 1.400016e+02
4.106141e+01 1.254391e+02 2.688508e+01 1.396154e+02
2.371405e+01 1.433590e+02 1.484942e+01 1.522236e+02
1.921639e+01 9.087934e+01 6.707263e+01 4.302311e+01
2.962702e+01 1.305591e+02 2.188722e+01 1.382989e+02
5.762334e+01 1.190391e+02 3.909598e+01 1.375665e+02
6.500484e+01 1.113592e+02 4.095277e+01 1.354113e+02
1.489131e+01 1.279991e+02 2.437394e+01 1.185164e+02
3.626306e+01 1.279991e+02 2.976974e+01 1.344924e+02
2.942980e+01 1.407990e+02 1.150077e+01 1.587280e+02
1.949115e+01 1.407990e+02 1.187928e+01 1.484108e+02
4.357707e+01 1.279991e+02 2.443499e+01 1.471412e+02
3.209776e+01 1.305591e+02 2.222910e+01 1.404277e+02
1.074433e+01 1.382390e+02 1.446369e+01 1.345196e+02
1.601389e+01 1.382390e+02 1.432938e+01 1.399235e+02
3.048786e+01 1.254391e+02 2.732464e+01 1.286023e+02
3.938616e+01 1.331190e+02 1.933945e+01 1.531658e+02
2.594756e+01 1.459189e+02 6.918053e+00 1.649485e+02
1.532339e+01 1.356790e+02 1.702367e+01 1.339787e+02
