5.167791e+01 0.000000e+00 6.073610e+01 -9.058191e+00
6.977261e+01 0.000000e+00 5.747988e+01 1.229273e+01
3.627337e+01 0.000000e+00 5.625784e+01 -1.998447e+01
1.565647e+02 0.000000e+00 5.793564e+01 9.862910e+01
-1.287661e+00 4.861401e+01 8.042254e+00 3.928409e+01
-3.961463e+00 4.861401e+01 9.822300e+00 3.483024e+01
2.460420e+01 4.861401e+01 9.425775e+00 6.379243e+01
-2.673612e-01 0.000000e+00 5.957044e+01 -5.983781e+01
1.174735e+02 4.861401e+01 5.906786e+00 1.601808e+02
1.159786e+02 4.861401e+01 1.469899e+01 1.498937e+02
1.124897e+02 0.000000e+00 5.812769e+01 5.436200e+01
-6.766022e-01 4.861401e+01 9.706676e+00 3.823073e+01
1.439844e+02 0.000000e+00 6.158839e+01 8.239603e+01
1.821630e+01 0.000000e+00 5.892264e+01 -4.070633e+01
2.177493e+01 4.861401e+01 1.067649e+01 5.971245e+01
1.542995e+02 0.000000e+00 5.759645e+01 9.670308e+01
1.293573e+01 0.000000e+00 5.531574e+01 -4.238001e+01
6.466222e+01 0.000000e+00 5.855478e+01 6.107444e+00
1.934428e+02 0.000000e+00 5.606769e+01 1.373751e+02
1.182245e+02 0.000000e+00 5.552212e+01 6.270242e+01
8.790974e+01 0.000000e+00 5.633141e+01 3.157834e+01
4.208231e+01 0.000000e+00 5.692188e+01 -1.483957e+01
6.565711e+01 0.000000e+00 5.770059e+01 7.956519e+00
1.282002e+02 0.000000e+00 5.365227e+01 7.454792e+01
3.523171e+01 0.000000e+00 5.587564e+01 -2.064394e+01
