1.260273e+02 3.708817e+02 1.081736e+02 3.887353e+02
2.118382e+01 3.708817e+02 4.555539e+01 3.465101e+02
4.550208e+01 3.708817e+02 3.028011e+01 3.861036e+02
2.435330e+01 3.708817e+02 4.505167e+01 3.501833e+02
3.615752e+01 3.708817e+02 6.126652e+01 3.457727e+02
2.113681e+02 3.708817e+02 6.961869e+01 5.126311e+02
1.945542e+02 3.708817e+02 7.407010e+01 4.913658e+02
7.006921e+01 3.708817e+02 7.019030e+01 3.707606e+02
3.419198e+01 3.708817e+02 2.922823e+01 3.758454e+02
1.035803e+02 3.708817e+02 1.608312e+02 3.136307e+02
9.846095e+01 3.708817e+02 5.343903e+01 4.159036e+02
1.381012e+02 3.708817e+02 8.837899e+01 4.206039e+02
1.002392e+02 3.708817e+02 1.032184e+02 3.679024e+02
4.280481e+01 3.708817e+02 6.230666e+01 3.513798e+02
1.930056e+02 3.708817e+02 8.243400e+01 4.814533e+02
3.705227e+01 3.708817e+02 3.568031e+01 3.722536e+02
2.356254e+01 3.708817e+02 2.042849e+01 3.740157e+02
1.620851e+02 3.708817e+02 5.984669e+01 4.731201e+02
3.530625e+01 3.708817e+02 3.966319e+01 3.665247e+02
1.434053e+01 3.708817e+02 2.536016e+01 3.598620e+02
1.829000e+01 3.708817e+02 3.077210e+01 3.583995e+02
1.816291e+01 3.708817e+02 5.247851e+01 3.365661e+02
9.153323e+01 3.708817e+02 4.703138e+01 4.153835e+02
8.424808e+01 3.708817e+02 2.201239e+00 4.529285e+02
5.569204e+01 3.708817e+02 3.127583e+01 3.952979e+02
