8.217278e+01 8.563517e+01 6.159029e+01 1.062177e+02
8.798108e+00 6.559289e+01 5.553706e+01 1.885394e+01
3.715294e+01 7.834707e+01 7.072411e+01 4.477590e+01
1.475070e+02 4.555062e+01 3.671122e+01 1.563464e+02
1.966443e+02 9.474529e+01 1.348579e+02 1.565316e+02
8.729051e+01 4.190657e+01 8.323565e+01 4.596143e+01
1.558289e+02 6.923694e+01 1.081331e+02 1.169327e+02
4.581664e+01 4.008455e+01 2.637940e+01 5.952179e+01
1.697538e+02 1.038554e+02 1.500502e+02 1.235589e+02
3.558125e+01 6.559289e+01 8.685074e+01 1.432340e+01
2.329233e+02 5.830479e+01 4.703252e+01 2.441955e+02
1.186641e+02 9.292327e+01 1.275619e+02 8.402540e+01
4.145852e+00 3.826252e+01 1.786696e+01 2.454141e+01
-6.003777e+00 4.737265e+01 3.488393e+01 6.484935e+00
4.185162e+01 3.826252e+01 7.715872e+01 2.955421e+00
7.869589e+01 3.644050e+01 3.003398e+01 8.510241e+01
8.853460e+01 9.292327e+01 8.651675e+01 9.494112e+01
4.968189e+01 5.648277e+01 4.399406e+01 6.217060e+01
6.825917e+01 1.093215e+02 9.804922e+01 7.953144e+01
6.097248e+01 9.656732e+01 8.894436e+01 6.859543e+01
6.178888e+01 7.652504e+01 6.890208e+01 6.941184e+01
1.235281e+02 1.056774e+02 9.197229e+01 1.372332e+02
3.281144e+01 6.012682e+01 5.007098e+01 4.286727e+01
1.573632e+02 1.166096e+02 1.126359e+02 1.613369e+02
6.138063e+01 9.656732e+01 8.772792e+01 7.022003e+01
