6.636739e+01 1.691396e+02 6.074435e+01 1.747626e+02
4.102531e+01 2.171669e+02 1.040349e+01 2.477887e+02
-1.217333e+01 2.255195e+02 3.523188e+00 2.098229e+02
-3.772758e+00 2.213432e+02 3.913626e+00 2.136568e+02
7.623648e+01 2.129906e+02 5.075602e+01 2.384711e+02
2.468132e+01 2.171669e+02 4.048031e+01 2.013679e+02
1.638614e+02 2.088143e+02 5.198776e+01 3.206880e+02
4.662191e+01 2.046380e+02 1.998780e+01 2.312721e+02
3.752603e+01 2.338720e+02 3.092621e+01 2.404718e+02
4.286245e+01 1.482582e+02 1.121233e+02 7.899735e+01
1.503074e+02 2.129906e+02 1.373847e+01 3.495595e+02
1.453227e+02 1.941973e+02 6.933898e+01 2.701810e+02
3.254107e+01 1.816685e+02 4.274705e+01 1.714625e+02
1.804541e+01 2.088143e+02 1.665281e+01 2.102069e+02
9.468732e+01 2.088143e+02 4.841224e+01 2.550894e+02
4.590085e+00 2.296957e+02 -5.490571e+00 2.397764e+02
1.332141e+01 2.296957e+02 1.029501e+00 2.419877e+02
7.917307e+01 2.088143e+02 1.770443e+01 2.702830e+02
1.836805e+01 2.129906e+02 1.962757e+01 2.117311e+02
-2.874194e+00 2.255195e+02 5.626437e+00 2.170188e+02
5.523206e+01 2.255195e+02 3.312863e+00 2.774387e+02
-3.689744e+01 2.046380e+02 2.755949e+01 1.401811e+02
1.042257e+02 2.171669e+02 9.772511e+00 3.116200e+02
5.869234e+01 2.380483e+02 -4.588848e+00 3.013295e+02
2.753878e-01 2.213432e+02 9.802723e+00 2.118158e+02
