-1.661008e+01 6.769788e+01 -2.090285e+01 7.199065e+01
9.211282e+00 8.692073e+01 1.752632e+00 9.437938e+01
9.024991e+00 9.026384e+01 2.911335e+00 9.637749e+01
2.017774e+01 8.859228e+01 6.856818e+00 1.019132e+02
9.605966e+00 8.524918e+01 2.028758e+00 9.282639e+01
8.379539e+01 8.692073e+01 1.274998e+01 1.579661e+02
-2.333286e+00 8.357763e+01 4.726011e+00 7.651833e+01
-5.924345e+00 8.190607e+01 1.106780e+00 7.487495e+01
4.999636e+00 9.360694e+01 8.826233e+00 8.978034e+01
-1.303266e+01 5.934012e+01 -1.888739e+01 6.519484e+01
7.367369e+00 8.524918e+01 1.329310e+00 9.128724e+01
-8.815209e+00 7.772719e+01 -5.181171e+00 7.409315e+01
-2.141505e+01 7.271254e+01 -7.774701e+00 5.907219e+01
2.318136e+00 8.357763e+01 1.530103e+00 8.436566e+01
1.499041e+01 8.357763e+01 1.003099e+01 8.853705e+01
1.927440e+00 9.193539e+01 1.176021e+01 8.210262e+01
-1.211130e+00 9.193539e+01 2.086427e+00 8.863783e+01
-1.155979e+00 8.357763e+01 -3.018495e-02 8.245183e+01
-7.029962e+00 8.524918e+01 -7.408301e+00 8.562752e+01
8.355060e+00 9.026384e+01 -2.092403e-01 9.882814e+01
-8.225720e+00 9.026384e+01 3.223392e+00 7.881472e+01
-2.080509e+01 8.190607e+01 -1.012729e+01 7.122828e+01
-1.709716e+00 8.692073e+01 2.688805e+00 8.252221e+01
6.923557e+00 9.527849e+01 1.372784e+00 1.008293e+02
-2.472573e+01 8.859228e+01 -1.880793e+00 6.574734e+01
