9.021013e+01 0.000000e+00 6.836103e+01 2.184910e+01
5.406253e+01 0.000000e+00 5.901931e+01 -4.956783e+00
2.372325e+01 0.000000e+00 5.456156e+01 -3.083832e+01
1.730361e+02 0.000000e+00 6.139941e+01 1.116367e+02
1.489899e+01 3.067356e+01 2.437635e+01 2.119621e+01
6.381531e+01 3.067356e+01 3.247793e+01 6.201094e+01
2.595284e+01 3.067356e+01 2.994275e+01 2.668365e+01
3.323149e+01 0.000000e+00 6.681845e+01 -3.358696e+01
8.621138e+01 3.067356e+01 1.720523e+01 9.967972e+01
4.101660e+01 3.067356e+01 4.676575e+01 2.492442e+01
1.030740e+02 0.000000e+00 6.140712e+01 4.166687e+01
5.258421e+01 3.067356e+01 2.971784e+01 5.353993e+01
1.225106e+02 0.000000e+00 7.327631e+01 4.923430e+01
4.003717e+01 0.000000e+00 6.443064e+01 -2.439347e+01
1.153530e+02 3.067356e+01 3.534638e+01 1.106801e+02
1.218862e+02 0.000000e+00 6.075599e+01 6.113019e+01
4.901791e+01 0.000000e+00 5.090231e+01 -1.884409e+00
6.994737e+01 0.000000e+00 6.284134e+01 7.106027e+00
1.174516e+02 0.000000e+00 5.250703e+01 6.494453e+01
7.977953e+01 0.000000e+00 5.138296e+01 2.839657e+01
3.826144e+01 0.000000e+00 5.487942e+01 -1.661798e+01
1.193764e+02 0.000000e+00 5.537547e+01 6.400091e+01
6.377907e+01 0.000000e+00 5.997289e+01 3.806179e+00
4.331161e+01 0.000000e+00 4.453740e+01 -1.225788e+00
7.318179e+01 0.000000e+00 5.249932e+01 2.068247e+01
