7.452509e+01 0.000000e+00 7.952063e+01 -4.995543e+00
3.481257e+01 0.000000e+00 2.772107e+01 7.091501e+00
-1.260758e+01 0.000000e+00 2.382378e+01 -3.643136e+01
-1.355435e+00 0.000000e+00 1.745716e+01 -1.881259e+01
8.568842e+01 6.797965e+01 1.088320e+02 4.483611e+01
7.044533e+01 6.797965e+01 8.824565e+01 5.017933e+01
1.662188e+02 6.797965e+01 1.047592e+02 1.294392e+02
9.133993e+01 0.000000e+00 3.155986e+01 5.978007e+01
1.090040e+02 6.797965e+01 9.192042e+01 8.506319e+01
7.245838e+01 6.797965e+01 1.609710e+02 -2.053299e+01
1.607153e+02 0.000000e+00 2.938298e+01 1.313323e+02
1.834748e+02 6.797965e+01 1.260595e+02 1.253950e+02
6.538908e+01 0.000000e+00 5.274316e+01 1.264591e+01
4.459283e+01 0.000000e+00 2.989795e+01 1.469488e+01
1.999254e+02 6.797965e+01 9.501027e+01 1.728948e+02
5.164834e+01 0.000000e+00 6.678270e+00 4.497007e+01
6.752076e+01 0.000000e+00 2.445574e+01 4.306502e+01
1.122821e+02 0.000000e+00 3.276529e+01 7.951678e+01
4.279726e+01 0.000000e+00 4.544005e+01 -2.642786e+00
1.121927e+00 0.000000e+00 2.955845e+01 -2.843652e+01
3.188096e+01 0.000000e+00 2.325032e+01 8.630649e+00
-2.077642e+01 0.000000e+00 5.220467e+01 -7.298108e+01
1.327657e+02 0.000000e+00 2.600067e+01 1.067651e+02
1.091668e+02 0.000000e+00 2.399926e+01 8.516751e+01
4.121809e+01 0.000000e+00 3.351423e+01 7.703860e+00
