1.088549e+02 2.387386e+02 7.041991e+01 2.771736e+02
2.148071e+01 2.387386e+02 3.242507e+01 2.277943e+02
-1.908498e+01 2.387386e+02 2.222969e+01 1.974240e+02
4.679827e+01 2.387386e+02 3.316377e+01 2.523731e+02
8.466545e+00 2.387386e+02 1.838274e+01 2.288224e+02
1.273080e+01 2.387386e+02 2.636662e+01 2.251028e+02
5.717578e+01 2.387386e+02 2.770679e+01 2.682076e+02
8.287959e+01 2.387386e+02 4.912693e+01 2.724913e+02
1.232180e+01 2.387386e+02 -2.074345e+00 2.531348e+02
2.055121e+01 2.387386e+02 8.200097e+01 1.772889e+02
5.986438e+01 2.387386e+02 3.772402e+01 2.608790e+02
6.643555e+01 2.387386e+02 3.538534e+01 2.697888e+02
1.533087e+02 2.387386e+02 6.981844e+01 3.222289e+02
1.325540e+01 2.387386e+02 4.382799e+01 2.081660e+02
1.388795e+02 2.387386e+02 3.454945e+01 3.430687e+02
2.953145e+01 2.387386e+02 2.779851e+01 2.404716e+02
4.713513e+00 2.387386e+02 1.532070e+01 2.281314e+02
1.148533e+01 2.387386e+02 4.181544e+01 2.084085e+02
1.389798e+01 2.387386e+02 2.645375e+01 2.261829e+02
6.207032e+01 2.387386e+02 1.820459e+01 2.826044e+02
-6.452680e+00 2.387386e+02 2.263220e+01 2.096538e+02
2.443054e+01 2.387386e+02 3.463658e+01 2.285326e+02
4.340037e+01 2.387386e+02 3.363260e+01 2.485064e+02
3.083877e+01 2.387386e+02 2.710262e+00 2.668671e+02
3.580585e+01 2.387386e+02 2.189350e+01 2.526510e+02
