6.396703e+01 1.297538e+02 4.272623e+01 1.509946e+02
1.953503e+01 1.297538e+02 1.778435e+01 1.315044e+02
-1.732470e+01 1.297538e+02 1.353097e+01 9.889810e+01
3.286567e+01 1.297538e+02 1.552046e+01 1.470990e+02
2.210138e+01 1.297538e+02 1.905935e+01 1.327958e+02
2.738833e+01 1.297538e+02 1.662514e+01 1.405170e+02
3.087881e+01 1.297538e+02 2.108669e+01 1.395459e+02
3.674055e+01 1.297538e+02 2.413131e+01 1.423630e+02
2.249373e+01 1.297538e+02 8.307616e+00 1.439399e+02
1.026700e+01 1.297538e+02 5.238499e+01 8.763577e+01
4.844752e+01 1.297538e+02 1.990631e+01 1.582950e+02
3.522227e+01 1.297538e+02 2.876903e+01 1.362070e+02
4.698318e+01 1.297538e+02 3.600079e+01 1.407362e+02
1.448192e+01 1.297538e+02 2.200935e+01 1.222263e+02
2.400291e+01 1.297538e+02 2.092584e+01 1.328308e+02
3.441142e+01 1.297538e+02 1.115353e+01 1.530117e+02
1.364413e+01 1.297538e+02 1.144685e+01 1.319510e+02
-3.123197e+00 1.297538e+02 2.205666e+01 1.045739e+02
3.666709e+01 1.297538e+02 2.017125e+01 1.462496e+02
1.114151e+01 1.297538e+02 1.362559e+01 1.272697e+02
-1.754937e+00 1.297538e+02 1.352150e+01 1.144773e+02
2.672890e+01 1.297538e+02 2.447194e+01 1.320107e+02
2.653918e+01 1.297538e+02 1.775596e+01 1.385370e+02
1.110398e+01 1.297538e+02 7.250242e+00 1.336075e+02
2.782501e+01 1.297538e+02 1.578539e+01 1.417934e+02
