2.142084e+01 3.333152e+01 7.220966e+00 4.753139e+01
-1.614741e+01 2.553052e+01 -1.174028e+01 2.112339e+01
-4.503496e+01 3.049479e+01 -8.716927e+00 -5.823243e+00
2.568752e+00 1.772953e+01 -2.051173e+01 4.081001e+01
1.014951e+01 3.687742e+01 1.264972e+00 4.576196e+01
-3.904463e+01 1.631117e+01 -2.027174e+01 -2.461721e+00
2.193740e-01 2.694889e+01 -7.693108e+00 3.486137e+01
-2.288592e+00 1.560199e+01 -1.875745e+01 3.207084e+01
1.660365e+00 4.042333e+01 -4.140702e-02 4.212510e+01
-1.426466e+01 2.553052e+01 4.960155e+00 6.305710e+00
-3.475642e+00 2.269380e+01 -1.360655e+01 3.282470e+01
2.056557e+00 3.616824e+01 4.922847e+00 3.330195e+01
-2.334377e+01 1.489280e+01 -1.412912e+01 5.678152e+00
3.678284e+00 1.843871e+01 -1.689118e+01 3.900817e+01
-4.263540e+01 1.489280e+01 -1.974919e+01 -7.993403e+00
-1.979158e+01 1.418362e+01 -2.599855e+01 2.039059e+01
-1.140654e+01 3.616824e+01 -4.013934e+00 2.877564e+01
-3.451631e+01 2.198462e+01 -1.334527e+01 8.135765e-01
1.360433e+00 4.255087e+01 6.250524e+00 3.766078e+01
-1.716921e+01 3.758660e+01 -1.625115e+00 2.204251e+01
-2.192079e+01 2.978561e+01 -9.426108e+00 1.729093e+01
-1.675753e+00 4.113251e+01 6.773075e+00 3.268368e+01
-1.716487e+01 2.340298e+01 -1.386782e+01 2.010593e+01
3.796337e+00 4.538760e+01 3.264507e+00 4.591943e+01
4.786065e+00 3.758660e+01 -6.546582e-01 4.302733e+01
