6.784276e+01 0.000000e+00 4.201326e+01 2.582950e+01
6.350038e+00 0.000000e+00 2.953134e+01 -2.318131e+01
-1.501114e+01 0.000000e+00 2.733549e+01 -4.234663e+01
6.607965e+01 0.000000e+00 2.847423e+01 3.760542e+01
9.902744e+00 2.686368e+01 3.710697e+00 3.305573e+01
1.303206e+01 2.686368e+01 2.704255e+00 3.719149e+01
1.189289e+01 2.686368e+01 4.838184e+00 3.391839e+01
4.053061e+01 0.000000e+00 3.283499e+01 7.695626e+00
2.989361e+01 2.686368e+01 -1.743763e+00 5.850106e+01
-1.177831e+00 2.686368e+01 2.062093e+01 5.064926e+00
8.127870e+01 0.000000e+00 3.063068e+01 5.064801e+01
4.429024e+00 2.686368e+01 8.609858e+00 2.268285e+01
5.582180e+01 0.000000e+00 3.882222e+01 1.699958e+01
2.771591e+01 0.000000e+00 3.173565e+01 -4.019743e+00
2.802950e+01 2.686368e+01 4.886038e+00 5.000714e+01
5.917017e+01 0.000000e+00 2.631215e+01 3.285801e+01
2.082545e+01 0.000000e+00 2.622489e+01 -5.399441e+00
-3.435082e+01 0.000000e+00 3.172157e+01 -6.607240e+01
6.319223e+01 0.000000e+00 3.055186e+01 3.264037e+01
4.563954e+01 0.000000e+00 2.730734e+01 1.833220e+01
1.622278e-01 0.000000e+00 2.733830e+01 -2.717607e+01
3.598630e+01 0.000000e+00 3.273365e+01 3.252657e+00
2.078279e+01 0.000000e+00 2.953979e+01 -8.757004e+00
3.200167e+01 0.000000e+00 2.401214e+01 7.989532e+00
4.034804e+01 0.000000e+00 2.839541e+01 1.195262e+01
