6.126832e+01 0.000000e+00 6.448985e+01 -3.221523e+00
2.355232e+01 0.000000e+00 2.203260e+01 1.519718e+00
-1.293909e+01 0.000000e+00 2.145001e+01 -3.438909e+01
-3.207408e+00 0.000000e+00 1.067680e+01 -1.388421e+01
8.703092e+01 6.535503e+01 1.025588e+02 4.982717e+01
7.036315e+01 6.535503e+01 7.746773e+01 5.825045e+01
1.629104e+02 6.535503e+01 9.483785e+01 1.334276e+02
8.359601e+01 0.000000e+00 2.023576e+01 6.336025e+01
9.555173e+01 6.535503e+01 9.156392e+01 6.934283e+01
2.252965e+01 6.535503e+01 1.362613e+02 -4.837664e+01
1.956402e+02 0.000000e+00 2.194237e+01 1.736978e+02
1.599245e+02 6.535503e+01 1.151249e+02 1.101546e+02
3.767165e+01 0.000000e+00 3.576392e+01 1.907732e+00
3.215113e+01 0.000000e+00 2.032599e+01 1.182514e+01
9.146666e+01 6.535503e+01 8.186567e+01 7.495601e+01
3.870915e+01 0.000000e+00 9.373698e-01 3.777178e+01
6.628156e+01 0.000000e+00 2.459252e+01 4.168904e+01
6.896362e+01 0.000000e+00 2.414134e+01 4.482228e+01
5.083057e+01 0.000000e+00 4.330831e+01 7.522257e+00
-1.206438e+01 0.000000e+00 2.908070e+01 -4.114508e+01
2.897577e+01 0.000000e+00 2.068694e+01 8.288828e+00
-1.154028e+01 0.000000e+00 4.770625e+01 -5.924653e+01
1.040527e+02 0.000000e+00 1.974340e+01 8.430935e+01
8.216944e+01 0.000000e+00 2.858834e+01 5.358110e+01
4.958262e+01 0.000000e+00 3.204274e+01 1.753988e+01
