7.446350e+01 8.801280e+01 4.707203e+01 1.154043e+02
9.925611e+00 6.741406e+01 4.358189e+01 3.375779e+01
3.996479e+01 8.052235e+01 5.966559e+01 6.082155e+01
8.933216e+01 4.681532e+01 2.447085e+01 1.116766e+02
1.644964e+02 9.737587e+01 1.078803e+02 1.539920e+02
8.368797e+01 4.307010e+01 5.506222e+01 7.169584e+01
1.045138e+02 7.115929e+01 8.017600e+01 9.549706e+01
4.012595e+01 4.119748e+01 1.290219e+01 6.842123e+01
2.079984e+02 1.067389e+02 1.246819e+02 1.900555e+02
8.588313e+00 6.741406e+01 5.485906e+01 2.114331e+01
1.966973e+02 5.992361e+01 3.460373e+01 2.220171e+02
7.365486e+01 9.550325e+01 9.931300e+01 6.984511e+01
-1.756514e+01 3.932487e+01 2.847206e+00 1.891252e+01
-6.383555e+00 4.868793e+01 2.188035e+01 2.042403e+01
1.483695e+01 3.932487e+01 4.834158e+01 5.820233e+00
1.207574e+02 3.745226e+01 1.808319e+01 1.401265e+02
6.119308e+01 9.550325e+01 7.613419e+01 8.056215e+01
2.369177e+00 5.805100e+01 3.124341e+01 2.917676e+01
1.274623e+02 1.123568e+02 8.703689e+01 1.527822e+02
6.583813e+01 9.924848e+01 7.839171e+01 8.669490e+01
6.281365e+00 7.864974e+01 5.779297e+01 2.713813e+01
9.265785e+01 1.086115e+02 8.031626e+01 1.209531e+02
4.233054e+01 6.179622e+01 3.796405e+01 6.616271e+01
1.024543e+02 1.198472e+02 1.034536e+02 1.188480e+02
9.389008e+01 9.924848e+01 7.690401e+01 1.162346e+02
