3.430490e+01 9.033855e+01 2.009916e+01 1.045443e+02
-4.869254e+00 1.159902e+02 -9.515061e+00 1.206360e+02
-4.755256e+01 1.204514e+02 -1.145461e+01 8.435345e+01
3.253900e+00 1.182208e+02 -1.570818e+01 1.371829e+02
4.424185e+00 1.137597e+02 -2.145422e+00 1.203293e+02
-2.412617e+01 1.159902e+02 -1.482269e+01 1.066868e+02
1.049530e+00 1.115291e+02 -4.958071e+00 1.175367e+02
3.990413e+00 1.092985e+02 -7.866547e+00 1.211555e+02
-5.455354e+00 1.249126e+02 -1.149718e+01 1.309544e+02
-6.514939e+00 7.918564e+01 2.666490e+01 4.600581e+01
6.740274e+00 1.137597e+02 -8.725403e+00 1.292253e+02
2.520930e+00 1.037220e+02 7.531964e+00 9.871101e+01
3.323621e+00 9.703030e+01 4.041421e+00 9.631250e+01
6.297094e+00 1.115291e+02 -8.656205e+00 1.264824e+02
-2.719775e+01 1.115291e+02 -1.108199e+01 9.541332e+01
-1.661213e+01 1.226820e+02 -2.197050e+01 1.280404e+02
-1.345799e+01 1.226820e+02 -1.080334e+01 1.200273e+02
-3.682531e+01 1.115291e+02 -6.855052e+00 8.155882e+01
4.153842e+00 1.137597e+02 1.361058e+00 1.165524e+02
-2.103623e+01 1.204514e+02 -7.852302e+00 1.072675e+02
-2.349612e+01 1.204514e+02 -1.181484e+01 1.087701e+02
2.655691e+00 1.092985e+02 5.101759e+00 1.068524e+02
-1.472285e+01 1.159902e+02 -1.059575e+01 1.118631e+02
-9.062624e+00 1.271431e+02 -1.058151e+01 1.286620e+02
2.869081e+00 1.182208e+02 -5.621720e+00 1.267116e+02
