4.019822e+01 5.155649e+01 3.450217e+01 5.725254e+01
3.076204e+01 3.949008e+01 3.063147e+01 3.962065e+01
2.104210e+01 4.716870e+01 2.018117e+01 4.802964e+01
6.508105e+01 2.742366e+01 4.131204e+01 5.119268e+01
7.107078e-01 5.704122e+01 1.248851e+01 4.526342e+01
2.950754e+01 2.522977e+01 4.291413e+01 1.182319e+01
4.038560e+01 4.168397e+01 2.923160e+01 5.283797e+01
5.940549e+01 2.413283e+01 5.014623e+01 3.339209e+01
2.369100e+01 6.252596e+01 7.459605e-02 8.614236e+01
3.311140e+01 3.949008e+01 5.152012e+01 2.108136e+01
2.854206e+01 3.510229e+01 3.640509e+01 2.723927e+01
3.884113e+01 5.594428e+01 1.982172e+01 7.496369e+01
8.351682e+01 2.303588e+01 5.886527e+01 4.768742e+01
2.097501e+01 2.852061e+01 4.437260e+01 5.123019e+00
8.329393e+01 2.303588e+01 4.787969e+01 5.845012e+01
1.009906e+02 2.193893e+01 4.402510e+01 7.890445e+01
-3.679850e+00 5.594428e+01 1.001976e+01 4.224467e+01
1.888992e+01 3.400534e+01 3.888787e+01 1.400739e+01
1.052630e+01 6.581680e+01 5.690584e+00 7.065252e+01
1.188670e+02 5.813817e+01 9.211701e+00 1.677935e+02
2.251486e+01 4.607176e+01 2.127811e+01 4.730850e+01
-2.084759e+01 6.362290e+01 1.065615e+01 3.211916e+01
4.285820e+01 3.619924e+01 3.392231e+01 4.513513e+01
7.627433e+00 7.020458e+01 -7.012220e+00 8.484424e+01
3.041996e+01 5.813817e+01 1.059754e+01 7.796059e+01
