2.636198e+00 7.397752e+01 -1.344020e+01 9.005392e+01
1.223089e+01 9.498348e+01 9.936395e+00 9.727798e+01
4.949768e+00 9.863669e+01 1.208102e+01 9.150544e+01
3.365027e+01 9.681009e+01 1.413364e+01 1.163267e+02
3.939414e+00 9.315688e+01 3.877690e+00 9.321860e+01
2.979991e+01 9.498348e+01 1.195416e+01 1.128292e+02
9.257905e+00 9.133027e+01 5.068259e+00 9.551992e+01
1.723942e+01 8.950367e+01 7.473753e+00 9.926933e+01
1.295145e+01 1.022899e+02 1.193316e+01 1.033082e+02
-1.893200e+01 6.484449e+01 -2.098650e+01 6.689899e+01
9.808925e+00 9.315688e+01 8.971840e+00 9.399396e+01
-3.069587e+00 8.493715e+01 -4.126522e+00 8.599409e+01
-1.186870e+01 7.945734e+01 -2.357064e+00 6.994570e+01
1.423087e+01 9.133027e+01 8.438309e+00 9.712284e+01
-1.229742e+01 9.133027e+01 8.731970e+00 7.030088e+01
3.443202e+01 1.004633e+02 1.886441e+01 1.160309e+02
1.273234e+01 1.004633e+02 1.218353e+01 1.010121e+02
-1.164286e+01 9.133027e+01 7.360747e+00 7.232667e+01
7.954648e+00 9.315688e+01 2.937492e+00 9.817403e+01
1.724660e+01 9.863669e+01 9.925895e+00 1.059574e+02
2.391875e+00 9.863669e+01 1.229653e+01 8.873204e+01
-1.402926e+01 8.950367e+01 -2.846944e-01 7.575910e+01
1.286520e+01 9.498348e+01 1.058293e+01 9.726575e+01
1.744303e+01 1.041165e+02 1.303507e+01 1.085245e+02
4.347838e+00 9.681009e+01 8.099290e+00 9.305864e+01
