3.707795e+01 0.000000e+00 1.505917e+01 2.201878e+01
1.520312e+01 0.000000e+00 1.297959e+01 2.223528e+00
1.297442e+00 0.000000e+00 1.378852e+01 -1.249108e+01
3.480791e+01 0.000000e+00 1.147969e+01 2.332822e+01
4.907654e+01 2.430129e+01 3.943746e+01 3.394037e+01
5.550588e+01 2.430129e+01 3.557352e+01 4.423366e+01
6.380319e+01 2.430129e+01 3.765397e+01 5.045051e+01
3.179148e+01 0.000000e+00 1.130651e+01 2.048497e+01
3.672022e+01 2.430129e+01 3.981810e+01 2.120341e+01
1.397116e+01 2.430129e+01 3.819180e+01 8.065113e-02
4.589956e+01 0.000000e+00 1.250945e+01 3.339011e+01
4.277589e+01 2.430129e+01 3.955456e+01 2.752262e+01
-2.425919e+00 0.000000e+00 1.147881e+01 -1.390473e+01
-2.357689e-01 0.000000e+00 1.177665e+01 -1.201241e+01
2.302750e+01 2.430129e+01 3.542126e+01 1.190753e+01
2.980555e+01 0.000000e+00 1.071259e+01 1.909296e+01
2.104713e+01 0.000000e+00 1.478400e+01 6.263130e+00
-1.816640e+00 0.000000e+00 1.243332e+01 -1.424996e+01
2.804527e+01 0.000000e+00 1.618686e+01 1.185842e+01
1.110990e+01 0.000000e+00 1.510188e+01 -3.991981e+00
-1.303338e+00 0.000000e+00 1.365719e+01 -1.496053e+01
1.855192e+00 0.000000e+00 1.603460e+01 -1.417941e+01
2.593482e+01 0.000000e+00 1.258558e+01 1.334923e+01
2.395851e+01 0.000000e+00 1.638095e+01 7.577556e+00
2.008287e+01 0.000000e+00 1.515709e+01 4.925776e+00
