-1.530053e+01 9.751638e+01 -1.591632e+01 9.813217e+01
-3.736563e+00 9.751638e+01 6.993655e+00 8.678616e+01
7.894638e+00 9.751638e+01 1.107334e+01 9.433768e+01
1.484150e+01 9.751638e+01 8.878395e+00 1.034795e+02
-3.358379e+00 9.751638e+01 -3.566417e+00 9.772442e+01
6.803461e+00 9.751638e+01 -1.874216e+00 1.061941e+02
-9.030993e+00 9.751638e+01 -5.718573e+00 9.420396e+01
-3.236127e+00 9.751638e+01 8.366934e-01 9.344356e+01
1.158570e+01 9.751638e+01 6.499081e+00 1.026030e+02
-2.706076e+01 9.751638e+01 -3.477481e+01 1.052304e+02
2.932230e+01 9.751638e+01 4.948466e+00 1.218902e+02
-3.888421e+01 9.751638e+01 -1.258793e+01 7.122010e+01
7.574717e+00 9.751638e+01 -1.018722e+01 1.152783e+02
6.778562e-01 9.751638e+01 2.881883e+00 9.531235e+01
-8.467151e+00 9.751638e+01 -5.900415e+00 9.494964e+01
1.160555e+01 9.751638e+01 1.282972e+01 9.629222e+01
1.420429e+01 9.751638e+01 1.316131e+01 9.855935e+01
-2.750573e+00 9.751638e+01 2.935366e+00 9.183044e+01
5.602605e+00 9.751638e+01 5.247971e+00 9.787101e+01
2.311146e+01 9.751638e+01 1.118030e+01 1.094475e+02
3.214317e+00 9.751638e+01 1.106264e+01 8.966806e+01
-3.745932e+01 9.751638e+01 1.221772e+00 5.883529e+01
5.941775e+00 9.751638e+01 6.961565e+00 9.649659e+01
2.054456e+01 9.751638e+01 1.730518e+01 1.007558e+02
8.144166e+00 9.751638e+01 9.177901e+00 9.648265e+01
