7.844603e+01 1.405923e+02 5.537967e+01 1.636586e+02
-1.734202e+00 1.805135e+02 1.005405e+01 1.687253e+02
-4.369958e+01 1.874564e+02 6.550355e+00 1.372064e+02
2.049960e+01 1.839850e+02 1.178280e+00 2.033063e+02
8.270396e+00 1.770421e+02 1.649645e+01 1.688161e+02
-2.319544e+01 1.805135e+02 -1.222807e+00 1.585409e+02
3.546709e+01 1.735707e+02 1.308960e+01 1.959482e+02
-4.438669e-01 1.700993e+02 1.359002e+01 1.560654e+02
2.585993e+01 1.943992e+02 1.595904e+00 2.186632e+02
-2.328134e+01 1.232352e+02 6.244249e+01 3.751137e+01
1.654019e+01 1.770421e+02 1.156024e+01 1.820221e+02
6.774966e+00 1.614208e+02 3.162651e+01 1.365692e+02
7.466325e+01 1.510065e+02 3.219150e+01 1.934783e+02
3.796287e+01 1.735707e+02 1.208383e+01 1.994498e+02
3.808585e+01 1.735707e+02 4.737411e+00 2.069192e+02
4.588424e+00 1.909278e+02 -8.221074e+00 2.037373e+02
3.818264e+00 1.909278e+02 7.009380e+00 1.877367e+02
-1.481489e+00 1.735707e+02 1.454035e+01 1.575489e+02
7.297933e+01 1.770421e+02 2.531678e+01 2.247047e+02
-2.156398e+01 1.874564e+02 1.146340e+01 1.544290e+02
-1.588823e+01 1.874564e+02 6.059050e+00 1.655091e+02
9.650707e+00 1.700993e+02 3.127700e+01 1.484730e+02
5.749825e+00 1.805135e+02 8.580134e+00 1.776832e+02
-3.019910e+00 1.978706e+02 6.453516e+00 1.883972e+02
3.317441e+01 1.839850e+02 1.493482e+01 2.022246e+02
