-1.530053e+01 8.109732e+01 -1.591632e+01 8.171311e+01
-3.736563e+00 1.041250e+02 6.993655e+00 9.339474e+01
7.894638e+00 1.081298e+02 1.107334e+01 1.049511e+02
1.484150e+01 1.061274e+02 8.878395e+00 1.120905e+02
-3.358379e+00 1.021226e+02 -3.566417e+00 1.023306e+02
6.803461e+00 1.041250e+02 -1.874216e+00 1.128026e+02
-9.030993e+00 1.001202e+02 -5.718573e+00 9.680773e+01
-3.236127e+00 9.811775e+01 8.366934e-01 9.404493e+01
1.158570e+01 1.121346e+02 6.499081e+00 1.172212e+02
-2.706076e+01 7.108531e+01 -3.477481e+01 7.879935e+01
2.932230e+01 1.021226e+02 4.948466e+00 1.264964e+02
-3.888421e+01 9.311174e+01 -1.258793e+01 6.681546e+01
7.574717e+00 8.710453e+01 -1.018722e+01 1.048665e+02
6.778562e-01 1.001202e+02 2.881883e+00 9.791612e+01
-8.467151e+00 1.001202e+02 -5.900415e+00 9.755342e+01
1.160555e+01 1.101322e+02 1.282972e+01 1.089080e+02
1.420429e+01 1.101322e+02 1.316131e+01 1.111751e+02
-2.750573e+00 1.001202e+02 2.935366e+00 9.443421e+01
5.602605e+00 1.021226e+02 5.247971e+00 1.024772e+02
2.311146e+01 1.081298e+02 1.118030e+01 1.200609e+02
3.214317e+00 1.081298e+02 1.106264e+01 1.002814e+02
-3.745932e+01 9.811775e+01 1.221772e+00 5.943666e+01
5.941775e+00 1.041250e+02 6.961565e+00 1.031052e+02
2.054456e+01 1.141370e+02 1.730518e+01 1.173764e+02
8.144166e+00 1.061274e+02 9.177901e+00 1.050936e+02
