7.831316e+01 0.000000e+00 6.428890e+01 1.402426e+01
3.835893e+01 0.000000e+00 5.072397e+01 -1.236504e+01
1.349372e+00 0.000000e+00 5.069326e+01 -4.934389e+01
7.673798e+01 0.000000e+00 4.692069e+01 2.981729e+01
2.248379e+00 4.697036e+01 8.863069e+00 4.035567e+01
-1.317570e+01 4.697036e+01 3.575402e-01 3.343711e+01
4.014738e+01 4.697036e+01 6.135445e+00 8.098229e+01
1.328273e+01 0.000000e+00 4.985571e+01 -3.657298e+01
1.044110e+02 4.697036e+01 5.520843e+00 1.458605e+02
8.231889e+01 4.697036e+01 1.909335e+01 1.101959e+02
1.677286e+02 0.000000e+00 5.060871e+01 1.171199e+02
-1.468926e+01 4.697036e+01 1.278540e+01 1.949570e+01
8.939669e+01 0.000000e+00 5.470772e+01 3.468897e+01
2.547114e+01 0.000000e+00 4.997097e+01 -2.449983e+01
1.689335e+01 4.697036e+01 1.694431e+00 6.216928e+01
1.403024e+02 0.000000e+00 4.375515e+01 9.654728e+01
2.224928e+01 0.000000e+00 5.185347e+01 -2.960419e+01
2.708664e+00 0.000000e+00 5.127715e+01 -4.856849e+01
1.711944e+02 0.000000e+00 5.792332e+01 1.132711e+02
1.230728e+02 0.000000e+00 5.330562e+01 6.976719e+01
3.752821e+01 0.000000e+00 5.043202e+01 -1.290381e+01
3.150294e+01 0.000000e+00 5.926021e+01 -2.775727e+01
5.869083e+01 0.000000e+00 4.994026e+01 8.750569e+00
1.028192e+02 0.000000e+00 5.339017e+01 4.942902e+01
4.543402e+01 0.000000e+00 5.423530e+01 -8.801278e+00
