4.687627e+01 4.539651e+01 4.539651e+01 4.687627e+01
1.338869e+00 4.539651e+01 4.539651e+01 1.338869e+00
4.143155e+01 4.539651e+01 4.539651e+01 4.143155e+01
6.650686e+01 4.539651e+01 4.539651e+01 6.650686e+01
3.463521e+01 4.539651e+01 4.539651e+01 3.463521e+01
6.808024e+01 4.539651e+01 4.539651e+01 6.808024e+01
3.938871e+01 4.539651e+01 4.539651e+01 3.938871e+01
4.264621e+01 4.539651e+01 4.539651e+01 4.264621e+01
5.732720e+01 4.539651e+01 4.539651e+01 5.732720e+01
2.974147e+01 4.539651e+01 4.539651e+01 2.974147e+01
6.343528e+01 4.539651e+01 4.539651e+01 6.343528e+01
5.231918e+01 4.539651e+01 4.539651e+01 5.231918e+01
5.913986e+01 4.539651e+01 4.539651e+01 5.913986e+01
2.939161e+01 4.539651e+01 4.539651e+01 2.939161e+01
5.363022e+01 4.539651e+01 4.539651e+01 5.363022e+01
6.758469e+01 4.539651e+01 4.539651e+01 6.758469e+01
4.305925e+01 4.539651e+01 4.539651e+01 4.305925e+01
2.528465e+01 4.539651e+01 4.539651e+01 2.528465e+01
6.923210e+01 4.539651e+01 4.539651e+01 6.923210e+01
4.202572e+01 4.539651e+01 4.539651e+01 4.202572e+01
4.007475e+01 4.539651e+01 4.539651e+01 4.007475e+01
3.296888e+01 4.539651e+01 4.539651e+01 3.296888e+01
5.907338e+01 4.539651e+01 4.539651e+01 5.907338e+01
4.616397e+01 4.539651e+01 4.539651e+01 4.616397e+01
3.860889e+01 4.539651e+01 4.539651e+01 3.860889e+01
