7.595921e+01 8.778640e+01 8.778640e+01 7.595921e+01
1.103883e+02 8.778640e+01 8.778640e+01 1.103883e+02
1.197977e+02 8.778640e+01 8.778640e+01 1.197977e+02
1.177201e+02 8.778640e+01 8.778640e+01 1.177201e+02
1.150035e+02 8.778640e+01 8.778640e+01 1.150035e+02
6.616498e+01 8.778640e+01 8.778640e+01 6.616498e+01
6.833050e+01 8.778640e+01 8.778640e+01 6.833050e+01
3.573833e+01 8.778640e+01 8.778640e+01 3.573833e+01
7.823240e+01 8.778640e+01 8.778640e+01 7.823240e+01
8.296974e+01 8.778640e+01 8.778640e+01 8.296974e+01
9.595911e+01 8.778640e+01 8.778640e+01 9.595911e+01
9.005778e+01 8.778640e+01 8.778640e+01 9.005778e+01
1.167012e+02 8.778640e+01 8.778640e+01 1.167012e+02
1.400275e+02 8.778640e+01 8.778640e+01 1.400275e+02
5.220311e+01 8.778640e+01 8.778640e+01 5.220311e+01
6.183851e+01 8.778640e+01 8.778640e+01 6.183851e+01
1.240357e+02 8.778640e+01 8.778640e+01 1.240357e+02
7.194070e+01 8.778640e+01 8.778640e+01 7.194070e+01
1.410174e+02 8.778640e+01 8.778640e+01 1.410174e+02
3.173806e+01 8.778640e+01 8.778640e+01 3.173806e+01
3.881824e+01 8.778640e+01 8.778640e+01 3.881824e+01
7.609388e+01 8.778640e+01 8.778640e+01 7.609388e+01
1.415457e+02 8.778640e+01 8.778640e+01 1.415457e+02
