2.456857e+01 3.706139e+01 3.706139e+01 2.456857e+01
3.850410e+01 3.706139e+01 3.706139e+01 3.850410e+01
6.776274e+01 3.706139e+01 3.706139e+01 6.776274e+01
7.521104e+01 3.706139e+01 3.706139e+01 7.521104e+01
5.259596e+01 3.706139e+01 3.706139e+01 5.259596e+01
4.546374e+01 3.706139e+01 3.706139e+01 4.546374e+01
1.246123e+01 3.706139e+01 3.706139e+01 1.246123e+01
5.740456e+00 3.706139e+01 3.706139e+01 5.740456e+00
4.610983e+01 3.706139e+01 3.706139e+01 4.610983e+01
3.373309e+01 3.706139e+01 3.706139e+01 3.373309e+01
2.860829e+01 3.706139e+01 3.706139e+01 2.860829e+01
3.338200e+01 3.706139e+01 3.706139e+01 3.338200e+01
5.111283e+01 3.706139e+01 3.706139e+01 5.111283e+01
5.933566e+01 3.706139e+01 3.706139e+01 5.933566e+01
1.864316e+01 3.706139e+01 3.706139e+01 1.864316e+01
1.697641e+01 3.706139e+01 3.706139e+01 1.697641e+01
2.584035e+01 3.706139e+01 3.706139e+01 2.584035e+01
1.422585e+01 3.706139e+01 3.706139e+01 1.422585e+01
5.480438e+01 3.706139e+01 3.706139e+01 5.480438e+01
4.517162e+01 3.706139e+01 3.706139e+01 4.517162e+01
4.127807e+01 3.706139e+01 3.706139e+01 4.127807e+01
2.921789e+01 3.706139e+01 3.706139e+01 2.921789e+01
5.772928e+01 3.706139e+01 3.706139e+01 5.772928e+01
