3.539132e+00 6.560517e+01 -7.095758e+00 7.624006e+01
1.142306e+01 6.560517e+01 9.518026e+00 6.751020e+01
-4.042933e+01 6.560517e+01 1.240738e+01 1.276847e+01
5.586162e-01 6.560517e+01 1.096270e+01 5.520108e+01
1.301013e+00 6.560517e+01 8.073349e+00 5.883284e+01
-3.984945e+00 6.560517e+01 9.518026e+00 5.210220e+01
7.043576e+00 6.560517e+01 6.628673e+00 6.602007e+01
1.892589e+01 6.560517e+01 5.183996e+00 7.934706e+01
4.325777e+01 6.560517e+01 1.529673e+01 9.356620e+01
-6.707443e+00 6.560517e+01 -1.431914e+01 7.321687e+01
9.975436e+00 6.560517e+01 8.073349e+00 6.750726e+01
1.831057e+01 6.560517e+01 1.572304e+00 8.234344e+01
-3.180218e+01 6.560517e+01 -2.761727e+00 3.656472e+01
-5.764999e-01 6.560517e+01 6.628673e+00 5.840000e+01
-6.397954e+00 6.560517e+01 6.628673e+00 5.257854e+01
2.783687e+01 6.560517e+01 1.385206e+01 7.958999e+01
1.434846e+01 6.560517e+01 1.385206e+01 6.610157e+01
-1.505882e+01 6.560517e+01 6.628673e+00 4.391768e+01
-5.794875e+00 6.560517e+01 8.073349e+00 5.173695e+01
2.512352e+01 6.560517e+01 1.240738e+01 7.832131e+01
1.808204e+00 6.560517e+01 1.240738e+01 5.500599e+01
-7.591145e+00 6.560517e+01 5.183996e+00 5.283003e+01
1.806579e+00 6.560517e+01 9.518026e+00 5.789372e+01
3.065181e+01 6.560517e+01 1.674141e+01 7.951557e+01
4.452916e+00 6.560517e+01 1.096270e+01 5.909538e+01
-1.808422e+01 6.560517e+01 -2.761727e+00 5.028268e+01
1.376391e+01 6.560517e+01 1.096270e+01 6.840638e+01
1.739704e+01 6.560517e+01 6.628673e+00 7.637353e+01
4.253293e+01 6.560517e+01 1.240738e+01 9.573072e+01
-8.778307e+00 6.560517e+01 -4.206404e+00 6.103327e+01
1.376226e+01 6.560517e+01 9.518026e+00 6.984941e+01
3.185409e+01 6.560517e+01 8.073349e+00 8.938591e+01
-1.012686e+01 6.560517e+01 1.529673e+01 4.018158e+01
-1.042858e+01 6.560517e+01 6.628673e+00 4.854792e+01
-3.349750e+00 6.560517e+01 -1.317050e+00 6.357247e+01
6.702023e+01 6.560517e+01 1.674141e+01 1.158840e+02
1.357794e+01 6.560517e+01 1.096270e+01 6.822040e+01
-4.784901e+00 6.560517e+01 1.096270e+01 4.985757e+01
7.199429e+01 6.560517e+01 6.628673e+00 1.309708e+02
-5.268930e+00 6.560517e+01 3.016980e+00 5.731926e+01
-1.167830e+01 6.560517e+01 5.183996e+00 4.874287e+01
5.749868e+01 6.560517e+01 1.240738e+01 1.106965e+02
2.071062e+00 6.560517e+01 -5.651081e+00 7.332731e+01
-2.291190e+00 6.560517e+01 1.096270e+01 5.235128e+01
-7.285521e-01 6.560517e+01 9.518026e+00 5.535859e+01
2.542222e-01 6.560517e+01 1.674141e+01 4.911798e+01
-2.573122e+00 6.560517e+01 5.183996e+00 5.784805e+01
2.130024e+01 6.560517e+01 9.518026e+00 7.738738e+01
-2.567229e+01 6.560517e+01 1.572304e+00 3.836057e+01
5.438453e+00 6.560517e+01 -2.761727e+00 7.380535e+01
2.352798e+01 6.560517e+01 5.183996e+00 8.394916e+01
2.707165e+01 6.560517e+01 9.518026e+00 8.315879e+01
6.064388e+01 6.560517e+01 1.818609e+01 1.080630e+02
-1.685262e+01 6.560517e+01 4.461657e+00 4.429090e+01
2.639974e+01 6.560517e+01 1.572304e+00 9.043261e+01
1.375707e+01 6.560517e+01 1.096270e+01 6.839953e+01
2.840650e+01 6.560517e+01 1.572304e+00 9.243936e+01
5.850292e-01 6.560517e+01 6.628673e+00 5.956153e+01
-1.633993e+00 6.560517e+01 1.385206e+01 5.011912e+01
9.966521e+00 6.560517e+01 9.518026e+00 6.605367e+01
-5.284109e+00 6.560517e+01 -4.206404e+00 6.452747e+01
4.780579e+01 6.560517e+01 8.073349e+00 1.053376e+02
4.570720e+00 6.560517e+01 8.073349e+00 6.210254e+01
1.544073e+01 6.560517e+01 1.096270e+01 7.008320e+01
2.803210e+01 6.560517e+01 5.183996e+00 8.845327e+01
1.127847e+01 6.560517e+01 -1.317050e+00 7.820069e+01
-1.704901e+01 6.560517e+01 -1.287447e+01 6.143062e+01
1.949202e+01 6.560517e+01 1.674141e+01 6.835578e+01
-1.081538e+01 6.560517e+01 5.183996e+00 4.960579e+01
9.591250e-01 6.560517e+01 5.183996e+00 6.138030e+01
9.763247e+00 6.560517e+01 4.461657e+00 7.090676e+01
