2.831919e+01 6.944250e+01 1.789471e+01 7.986698e+01
3.927533e+00 6.944250e+01 3.257688e+00 7.011235e+01
-2.062590e+01 6.944250e+01 7.121177e-01 4.810448e+01
5.436473e+01 6.944250e+01 1.984903e+00 1.218223e+02
1.830271e+00 6.944250e+01 4.530473e+00 6.674230e+01
-3.053804e+00 6.944250e+01 3.257688e+00 6.313101e+01
8.862300e+00 6.944250e+01 5.803257e+00 7.250155e+01
1.560944e+01 6.944250e+01 7.076042e+00 7.797590e+01
1.135411e+01 6.944250e+01 -1.833452e+00 8.263006e+01
-1.710893e+01 6.944250e+01 2.425864e+01 2.807493e+01
-6.217058e-01 6.944250e+01 4.530473e+00 6.429033e+01
-2.236634e-01 6.944250e+01 1.025800e+01 5.896084e+01
1.868204e+01 6.944250e+01 1.407636e+01 7.404818e+01
1.035076e+01 6.944250e+01 5.803257e+00 7.399001e+01
8.307695e+01 6.944250e+01 5.803257e+00 1.467162e+02
6.028497e+01 6.944250e+01 -5.606673e-01 1.302881e+02
3.481878e+01 6.944250e+01 -5.606673e-01 1.048219e+02
3.003715e+00 6.944250e+01 5.803257e+00 6.664296e+01
5.175503e+01 6.944250e+01 4.530473e+00 1.166671e+02
-1.464872e+00 6.944250e+01 7.121177e-01 6.726552e+01
-1.209743e+01 6.944250e+01 7.121177e-01 5.663296e+01
2.382932e+01 6.944250e+01 7.076042e+00 8.619579e+01
2.650742e+01 6.944250e+01 3.257688e+00 9.269224e+01
-7.416562e+00 6.944250e+01 -3.106237e+00 6.513218e+01
2.084255e+01 6.944250e+01 1.984903e+00 8.830015e+01
8.731211e+00 6.944250e+01 1.407636e+01 6.409736e+01
1.391891e+01 6.944250e+01 1.984903e+00 8.137651e+01
-2.928795e+00 6.944250e+01 5.803257e+00 6.071045e+01
1.267740e-02 6.944250e+01 7.121177e-01 6.874306e+01
2.515022e+01 6.944250e+01 1.534914e+01 7.924358e+01
1.215164e+01 6.944250e+01 3.257688e+00 7.833646e+01
2.626536e+01 6.944250e+01 4.530473e+00 9.117739e+01
-4.205698e+00 6.944250e+01 -1.833452e+00 6.707026e+01
1.594679e+01 6.944250e+01 5.803257e+00 7.958604e+01
6.187039e-01 6.944250e+01 1.280357e+01 5.725763e+01
-1.001352e+01 6.944250e+01 -3.106237e+00 6.253522e+01
8.762336e-01 6.944250e+01 1.984903e+00 6.833384e+01
3.735757e+01 6.944250e+01 1.984903e+00 1.048152e+02
4.222079e+00 6.944250e+01 5.803257e+00 6.786133e+01
6.893637e+00 6.944250e+01 8.985220e+00 6.735092e+01
3.859509e+00 6.944250e+01 7.076042e+00 6.622597e+01
9.365979e+00 6.944250e+01 7.121177e-01 7.809637e+01
3.783343e+01 6.944250e+01 1.662193e+01 9.065400e+01
1.441352e+01 6.944250e+01 1.984903e+00 8.187112e+01
2.779510e+01 6.944250e+01 3.257688e+00 9.397992e+01
6.231471e+01 6.944250e+01 -3.106237e+00 1.348635e+02
5.241575e+00 6.944250e+01 7.076042e+00 6.760804e+01
-2.109783e+00 6.944250e+01 3.257688e+00 6.407503e+01
3.404360e-01 6.944250e+01 1.025800e+01 5.952494e+01
2.004541e+01 6.944250e+01 1.407636e+01 7.541155e+01
5.067169e+01 6.944250e+01 7.076042e+00 1.130382e+02
9.801602e+00 6.944250e+01 3.257688e+00 7.598642e+01
6.587987e+00 6.944250e+01 -4.379022e+00 8.040951e+01
2.911014e+01 6.944250e+01 7.712435e+00 9.084021e+01
1.347231e+01 6.944250e+01 1.025800e+01 7.265681e+01
1.154102e+01 6.944250e+01 1.984903e+00 7.899862e+01
1.020087e+01 6.944250e+01 1.025800e+01 6.938537e+01
3.793274e+01 6.944250e+01 5.803257e+00 1.015720e+02
1.288798e+01 6.944250e+01 -5.606673e-01 8.289115e+01
2.136450e+01 6.944250e+01 3.257688e+00 8.754932e+01
8.902427e+00 6.944250e+01 1.534914e+01 6.299579e+01
2.803173e+01 6.944250e+01 4.530473e+00 9.294377e+01
-1.305264e+00 6.944250e+01 4.530473e+00 6.360677e+01
1.573096e+00 6.944250e+01 1.984903e+00 6.903070e+01
5.097198e+01 6.944250e+01 7.076042e+00 1.133384e+02
3.009236e+01 6.944250e+01 1.280357e+01 8.673129e+01
6.820399e+00 6.944250e+01 2.298585e+01 5.327705e+01
3.228186e+01 6.944250e+01 -3.106237e+00 1.048306e+02
4.377759e+01 6.944250e+01 7.076042e+00 1.061441e+02
7.193242e+01 6.944250e+01 7.076042e+00 1.342989e+02
7.100247e+01 6.944250e+01 7.712435e+00 1.327325e+02
