6.420642e+01 7.118009e+01 3.308204e+01 1.023045e+02
2.276183e+01 7.118009e+01 2.226408e+01 7.167784e+01
-6.764077e+00 7.118009e+01 2.038269e+01 4.403332e+01
4.718017e+01 7.118009e+01 2.132339e+01 9.703687e+01
2.633741e+01 7.118009e+01 2.320477e+01 7.431273e+01
4.075636e+01 7.118009e+01 2.226408e+01 8.967237e+01
3.534225e+01 7.118009e+01 2.414546e+01 8.237688e+01
4.109238e+01 7.118009e+01 2.508616e+01 8.718631e+01
3.909005e+01 7.118009e+01 1.850131e+01 9.176883e+01
1.544735e+01 7.118009e+01 3.778550e+01 4.884194e+01
6.307064e+01 7.118009e+01 2.320477e+01 1.110460e+02
3.073634e+01 7.118009e+01 2.743789e+01 7.447854e+01
5.010559e+01 7.118009e+01 3.025996e+01 9.102572e+01
1.617016e+01 7.118009e+01 2.414546e+01 6.320478e+01
4.245931e+01 7.118009e+01 2.414546e+01 8.949393e+01
5.119892e+01 7.118009e+01 1.944200e+01 1.029370e+02
2.158376e+01 7.118009e+01 1.944200e+01 7.332185e+01
3.625012e+00 7.118009e+01 2.414546e+01 5.065964e+01
4.745835e+01 7.118009e+01 2.320477e+01 9.543366e+01
2.183337e+01 7.118009e+01 2.038269e+01 7.263077e+01
5.792941e+00 7.118009e+01 2.038269e+01 5.659034e+01
3.668580e+01 7.118009e+01 2.508616e+01 8.277974e+01
2.762705e+01 7.118009e+01 2.226408e+01 7.654306e+01
2.020347e+01 7.118009e+01 1.756062e+01 7.382294e+01
3.928075e+01 7.118009e+01 2.132339e+01 8.913745e+01
3.505343e+01 7.118009e+01 3.025996e+01 7.597355e+01
2.804956e+01 7.118009e+01 2.132339e+01 7.790626e+01
3.835618e+01 7.118009e+01 2.414546e+01 8.539081e+01
2.011201e+01 7.118009e+01 2.038269e+01 7.090940e+01
4.125593e+01 7.118009e+01 3.120066e+01 8.123536e+01
3.592500e+01 7.118009e+01 2.226408e+01 8.484101e+01
2.340817e+01 7.118009e+01 2.320477e+01 7.138349e+01
-8.335343e-01 7.118009e+01 1.850131e+01 5.184525e+01
3.721241e+01 7.118009e+01 2.414546e+01 8.424704e+01
2.405145e+01 7.118009e+01 2.931927e+01 6.591227e+01
1.358852e+01 7.118009e+01 1.756062e+01 6.720799e+01
4.171512e+01 7.118009e+01 2.132339e+01 9.157182e+01
5.712699e+01 7.118009e+01 2.132339e+01 1.069837e+02
4.319889e+01 7.118009e+01 2.414546e+01 9.023351e+01
9.861848e+00 7.118009e+01 2.649719e+01 5.454474e+01
2.732766e+01 7.118009e+01 2.508616e+01 7.342159e+01
4.100631e+01 7.118009e+01 2.038269e+01 9.180371e+01
2.270941e+01 7.118009e+01 3.214135e+01 6.174814e+01
3.692137e+01 7.118009e+01 2.132339e+01 8.677808e+01
5.050782e+01 7.118009e+01 2.226408e+01 9.942383e+01
2.040474e+01 7.118009e+01 1.756062e+01 7.402421e+01
2.223134e+01 7.118009e+01 2.508616e+01 6.832527e+01
1.470541e+01 7.118009e+01 2.226408e+01 6.362142e+01
3.369811e+01 7.118009e+01 2.743789e+01 7.744031e+01
3.677262e+01 7.118009e+01 3.025996e+01 7.769274e+01
3.243220e+01 7.118009e+01 2.508616e+01 7.852613e+01
1.477030e+01 7.118009e+01 2.226408e+01 6.368631e+01
1.720580e+01 7.118009e+01 1.661992e+01 7.176596e+01
5.609269e+01 7.118009e+01 2.555650e+01 1.017163e+02
4.902022e+01 7.118009e+01 2.743789e+01 9.276242e+01
1.572552e+01 7.118009e+01 2.132339e+01 6.558223e+01
4.664933e+01 7.118009e+01 2.743789e+01 9.039153e+01
4.704638e+01 7.118009e+01 2.414546e+01 9.408101e+01
2.631824e+01 7.118009e+01 1.944200e+01 7.805633e+01
1.693606e+01 7.118009e+01 2.226408e+01 6.585207e+01
3.524500e+01 7.118009e+01 3.120066e+01 7.522443e+01
5.215520e+01 7.118009e+01 2.320477e+01 1.001305e+02
1.057736e+01 7.118009e+01 2.320477e+01 5.855268e+01
2.983497e+01 7.118009e+01 2.132339e+01 7.969168e+01
3.562746e+01 7.118009e+01 2.508616e+01 8.172139e+01
5.430485e+01 7.118009e+01 2.931927e+01 9.616566e+01
2.167986e+01 7.118009e+01 3.684481e+01 5.601513e+01
4.404936e+01 7.118009e+01 1.756062e+01 9.766883e+01
5.754809e+01 7.118009e+01 2.508616e+01 1.036420e+02
3.938928e+01 7.118009e+01 2.508616e+01 8.548322e+01
4.299825e+01 7.118009e+01 2.555650e+01 8.862184e+01
