3.709032e+01 4.792523e+01 4.952145e+00 8.006340e+01
1.484440e+01 6.153363e+01 1.856054e+01 5.781748e+01
-3.152430e+00 6.390030e+01 2.092722e+01 3.982065e+01
3.636325e+01 6.271696e+01 1.974388e+01 7.933633e+01
3.099713e+01 6.035029e+01 1.737720e+01 7.397021e+01
3.018107e+01 6.153363e+01 1.856054e+01 7.315415e+01
2.755313e+01 5.916695e+01 1.619386e+01 7.052621e+01
3.195987e+01 5.798361e+01 1.501053e+01 7.493295e+01
3.175217e+01 6.626698e+01 2.329390e+01 7.472525e+01
-7.230486e+00 4.200853e+01 -9.645502e-01 3.574260e+01
3.814665e+01 6.035029e+01 1.737720e+01 8.111973e+01
2.518617e+01 5.502526e+01 1.205218e+01 6.815925e+01
1.248242e+00 5.147524e+01 8.502161e+00 4.422132e+01
1.466794e+01 5.916695e+01 1.619386e+01 5.764103e+01
1.485438e+00 5.916695e+01 1.619386e+01 4.445852e+01
6.758580e+01 6.508364e+01 2.211056e+01 1.105589e+02
2.848268e+01 6.508364e+01 2.211056e+01 7.145576e+01
-2.648353e-01 5.916695e+01 1.619386e+01 4.270825e+01
4.172022e+01 6.035029e+01 1.737720e+01 8.469331e+01
3.256035e+01 6.390030e+01 2.092722e+01 7.553343e+01
2.420526e-01 6.390030e+01 2.092722e+01 4.321514e+01
9.537509e+00 5.798361e+01 1.501053e+01 5.251059e+01
2.391215e+01 6.153363e+01 1.856054e+01 6.688524e+01
3.821565e+01 6.745032e+01 2.447724e+01 8.118873e+01
3.496881e+01 6.271696e+01 1.974388e+01 7.794190e+01
2.759512e-01 5.147524e+01 8.502161e+00 4.324903e+01
3.743347e+01 6.271696e+01 1.974388e+01 8.040655e+01
3.755033e+01 5.916695e+01 1.619386e+01 8.052341e+01
3.797339e+01 6.390030e+01 2.092722e+01 8.094648e+01
1.065314e+01 5.029191e+01 7.318822e+00 5.362622e+01
2.719286e+01 6.153363e+01 1.856054e+01 7.016595e+01
1.605914e+01 6.035029e+01 1.737720e+01 5.903223e+01
3.992780e+00 6.626698e+01 2.329390e+01 4.696586e+01
1.582262e+01 5.916695e+01 1.619386e+01 5.879570e+01
5.781850e+00 5.265858e+01 9.685500e+00 4.875493e+01
4.409075e+01 6.745032e+01 2.447724e+01 8.706383e+01
1.999528e+01 6.271696e+01 1.974388e+01 6.296836e+01
2.800898e+01 6.271696e+01 1.974388e+01 7.098206e+01
4.593839e+01 5.916695e+01 1.619386e+01 8.891147e+01
4.257272e+00 5.620860e+01 1.323552e+01 4.723036e+01
9.083956e+00 5.798361e+01 1.501053e+01 5.205704e+01
1.811921e+01 6.390030e+01 2.092722e+01 6.109229e+01
-6.896842e+00 4.910857e+01 6.135484e+00 3.607624e+01
3.276368e+01 6.271696e+01 1.974388e+01 7.573676e+01
2.019684e+01 6.153363e+01 1.856054e+01 6.316992e+01
2.219097e+01 6.745032e+01 2.447724e+01 6.516405e+01
1.013844e+01 5.798361e+01 1.501053e+01 5.311152e+01
2.399941e+01 6.153363e+01 1.856054e+01 6.697250e+01
1.721986e+01 5.502526e+01 1.205218e+01 6.019294e+01
1.818246e+01 5.147524e+01 8.502161e+00 6.115554e+01
1.722365e+01 5.798361e+01 1.501053e+01 6.019673e+01
4.073248e+01 6.153363e+01 1.856054e+01 8.370556e+01
1.837357e+01 6.863366e+01 2.566058e+01 6.134665e+01
2.030230e+01 5.739194e+01 1.441886e+01 6.327538e+01
2.717092e+01 5.502526e+01 1.205218e+01 7.014401e+01
2.743988e+01 6.271696e+01 1.974388e+01 7.041296e+01
3.305232e+01 5.502526e+01 1.205218e+01 7.602541e+01
2.925645e+01 5.916695e+01 1.619386e+01 7.222953e+01
2.556216e+00 6.508364e+01 2.211056e+01 4.552930e+01
7.714505e+00 6.153363e+01 1.856054e+01 5.068759e+01
5.506469e+00 5.029191e+01 7.318822e+00 4.847955e+01
4.134835e+01 6.035029e+01 1.737720e+01 8.432144e+01
1.653095e+01 6.035029e+01 1.737720e+01 5.950403e+01
3.210668e+01 6.271696e+01 1.974388e+01 7.507976e+01
2.858181e+01 5.798361e+01 1.501053e+01 7.155489e+01
1.343467e+01 5.265858e+01 9.685500e+00 5.640775e+01
5.349306e+00 4.319187e+01 2.187888e-01 4.832239e+01
3.246583e+01 6.745032e+01 2.447724e+01 7.543892e+01
3.763980e+01 5.798361e+01 1.501053e+01 8.061289e+01
1.098704e+01 5.798361e+01 1.501053e+01 5.396013e+01
1.621941e+01 5.739194e+01 1.441886e+01 5.919250e+01
