1.970388e+01 4.619147e+01 -5.071057e+00 7.096640e+01
6.561096e+00 4.619147e+01 6.605109e+00 4.614745e+01
-2.225231e+01 4.619147e+01 8.635746e+00 1.530341e+01
3.817622e+00 4.619147e+01 7.620428e+00 4.238866e+01
1.089820e+01 4.619147e+01 5.589790e+00 5.149988e+01
1.580232e+01 4.619147e+01 6.605109e+00 5.538868e+01
1.040661e+01 4.619147e+01 4.574471e+00 5.202360e+01
2.363346e+01 4.619147e+01 3.559153e+00 6.626577e+01
1.790015e+01 4.619147e+01 1.066638e+01 5.342523e+01
-1.457979e+01 4.619147e+01 -1.014765e+01 4.175933e+01
2.847199e+01 4.619147e+01 5.589790e+00 6.907367e+01
7.699537e+00 4.619147e+01 1.020856e+00 5.287015e+01
-3.042841e+01 4.619147e+01 -2.025101e+00 1.778815e+01
-2.331747e+00 4.619147e+01 4.574471e+00 3.928525e+01
-6.978253e+00 4.619147e+01 4.574471e+00 3.463874e+01
4.008682e+01 4.619147e+01 9.651065e+00 7.662722e+01
1.549359e+01 4.619147e+01 9.651065e+00 5.203399e+01
-1.412404e+01 4.619147e+01 4.574471e+00 2.749296e+01
2.092125e+01 4.619147e+01 5.589790e+00 6.152292e+01
1.060355e+01 4.619147e+01 8.635746e+00 4.815927e+01
-1.384918e+00 4.619147e+01 8.635746e+00 3.617080e+01
-5.279735e+00 4.619147e+01 3.559153e+00 3.735258e+01
1.020855e+01 4.619147e+01 6.605109e+00 4.979491e+01
2.294064e+01 4.619147e+01 1.168170e+01 5.745040e+01
1.666666e+01 4.619147e+01 7.620428e+00 5.523769e+01
-6.898868e+00 4.619147e+01 -2.025101e+00 4.131770e+01
1.129018e+01 4.619147e+01 7.620428e+00 4.986122e+01
1.713427e+01 4.619147e+01 4.574471e+00 5.875126e+01
2.854205e+01 4.619147e+01 8.635746e+00 6.609777e+01
-7.117645e+00 4.619147e+01 -3.040419e+00 4.211424e+01
1.250335e+01 4.619147e+01 6.605109e+00 5.208971e+01
3.758452e+00 4.619147e+01 5.589790e+00 4.436013e+01
-1.024235e+01 4.619147e+01 1.066638e+01 2.528273e+01
9.199857e-01 4.619147e+01 4.574471e+00 4.253698e+01
-4.321023e+00 4.619147e+01 -1.009782e+00 4.288023e+01
3.701571e+01 4.619147e+01 1.168170e+01 7.152547e+01
5.396842e+00 4.619147e+01 7.620428e+00 4.396788e+01
1.876508e+01 4.619147e+01 7.620428e+00 5.733612e+01
2.563932e+01 4.619147e+01 4.574471e+00 6.725632e+01
1.411062e+00 4.619147e+01 2.036174e+00 4.556635e+01
-4.391912e+00 4.619147e+01 3.559153e+00 3.824040e+01
9.550775e+00 4.619147e+01 8.635746e+00 4.710650e+01
-1.014287e+01 4.619147e+01 -4.055738e+00 4.010433e+01
1.429366e+01 4.619147e+01 7.620428e+00 5.286470e+01
-4.888676e+00 4.619147e+01 6.605109e+00 3.469768e+01
1.240622e+01 4.619147e+01 1.168170e+01 4.691598e+01
1.361574e+00 4.619147e+01 3.559153e+00 4.399389e+01
1.653480e+01 4.619147e+01 6.605109e+00 5.612116e+01
2.230144e+00 4.619147e+01 1.020856e+00 4.740076e+01
6.746581e+00 4.619147e+01 -2.025101e+00 5.496315e+01
3.888976e+00 4.619147e+01 3.559153e+00 4.652129e+01
3.013516e+01 4.619147e+01 6.605109e+00 6.972152e+01
1.832846e+01 4.619147e+01 1.269702e+01 5.182291e+01
4.820480e+00 4.619147e+01 3.051493e+00 4.796045e+01
9.564037e+00 4.619147e+01 1.020856e+00 5.473465e+01
1.300683e+01 4.619147e+01 7.620428e+00 5.157787e+01
1.657002e+01 4.619147e+01 1.020856e+00 6.174063e+01
-6.230281e-02 4.619147e+01 4.574471e+00 4.155469e+01
-1.808019e+01 4.619147e+01 9.651065e+00 1.846022e+01
-1.454760e+00 4.619147e+01 6.605109e+00 3.813160e+01
-4.346495e+00 4.619147e+01 -3.040419e+00 4.488539e+01
2.655846e+01 4.619147e+01 5.589790e+00 6.716014e+01
-4.538681e+00 4.619147e+01 5.589790e+00 3.606300e+01
2.379811e+01 4.619147e+01 7.620428e+00 6.236915e+01
1.475183e+01 4.619147e+01 3.559153e+00 5.738414e+01
9.582243e-01 4.619147e+01 -1.009782e+00 4.815947e+01
-2.941418e+00 4.619147e+01 -9.132332e+00 5.238238e+01
1.838600e+01 4.619147e+01 1.168170e+01 5.289577e+01
8.475336e+00 4.619147e+01 3.559153e+00 5.110765e+01
-5.303234e+00 4.619147e+01 3.559153e+00 3.732908e+01
2.694081e+00 4.619147e+01 3.051493e+00 4.583405e+01
