4.087521e+01 3.936656e+01 3.936656e+01 4.087521e+01
8.947280e+00 3.936656e+01 3.936656e+01 8.947280e+00
2.382689e+01 3.936656e+01 3.936656e+01 2.382689e+01
3.916938e+01 3.936656e+01 3.936656e+01 3.916938e+01
3.241769e+01 3.936656e+01 3.936656e+01 3.241769e+01
5.349653e+01 3.936656e+01 3.936656e+01 5.349653e+01
3.697808e+01 3.936656e+01 3.936656e+01 3.697808e+01
4.767529e+01 3.936656e+01 3.936656e+01 4.767529e+01
4.557773e+01 3.936656e+01 3.936656e+01 4.557773e+01
3.821097e+01 3.936656e+01 3.936656e+01 3.821097e+01
6.483995e+01 3.936656e+01 3.936656e+01 6.483995e+01
3.602832e+01 3.936656e+01 3.936656e+01 3.602832e+01
4.096333e+01 3.936656e+01 3.936656e+01 4.096333e+01
2.737080e+01 3.936656e+01 3.936656e+01 2.737080e+01
3.075186e+01 3.936656e+01 3.936656e+01 3.075186e+01
7.598429e+01 3.936656e+01 3.936656e+01 7.598429e+01
4.728550e+01 3.936656e+01 3.936656e+01 4.728550e+01
4.852457e+01 3.936656e+01 3.936656e+01 4.852457e+01
6.237574e+01 3.936656e+01 3.936656e+01 6.237574e+01
2.848855e+01 3.936656e+01 3.936656e+01 2.848855e+01
1.796295e+01 3.936656e+01 3.936656e+01 1.796295e+01
5.034038e+01 3.936656e+01 3.936656e+01 5.034038e+01
4.454094e+01 3.936656e+01 3.936656e+01 4.454094e+01
3.792556e+01 3.936656e+01 3.936656e+01 3.792556e+01
3.363090e+01 3.936656e+01 3.936656e+01 3.363090e+01
