5.709889e+01 7.379241e+01 3.677971e+01 9.411158e+01
2.390255e+01 7.379241e+01 2.626993e+01 7.142503e+01
1.485859e+01 7.379241e+01 2.444215e+01 6.420886e+01
8.484548e+01 7.379241e+01 2.535604e+01 1.332818e+02
2.675662e+01 7.379241e+01 2.718383e+01 7.336520e+01
6.847176e+01 7.379241e+01 2.626993e+01 1.159942e+02
3.989441e+01 7.379241e+01 2.809772e+01 8.558910e+01
4.177554e+01 7.379241e+01 2.901161e+01 8.655634e+01
4.659339e+01 7.379241e+01 2.261436e+01 9.777144e+01
2.288983e+01 7.379241e+01 4.134918e+01 5.533307e+01
5.224119e+01 7.379241e+01 2.718383e+01 9.884978e+01
5.433640e+01 7.379241e+01 3.129635e+01 9.683246e+01
7.036112e+01 7.379241e+01 3.403803e+01 1.101155e+02
2.231822e+01 7.379241e+01 2.809772e+01 6.801291e+01
5.516647e+01 7.379241e+01 2.809772e+01 1.008612e+02
5.743133e+01 7.379241e+01 2.352825e+01 1.076955e+02
2.802345e+01 7.379241e+01 2.352825e+01 7.828761e+01
5.281583e+01 7.379241e+01 2.809772e+01 9.851052e+01
4.724845e+01 7.379241e+01 2.718383e+01 9.385703e+01
2.880362e+01 7.379241e+01 2.444215e+01 7.815389e+01
2.386455e+01 7.379241e+01 2.444215e+01 7.321482e+01
3.955011e+01 7.379241e+01 2.901161e+01 8.433091e+01
4.227148e+01 7.379241e+01 2.626993e+01 8.979395e+01
2.854831e+01 7.379241e+01 2.170046e+01 8.064026e+01
3.162498e+01 7.379241e+01 2.535604e+01 8.006135e+01
2.914802e+01 7.379241e+01 3.403803e+01 6.890240e+01
4.337718e+01 7.379241e+01 2.535604e+01 9.181355e+01
4.903076e+01 7.379241e+01 2.809772e+01 9.472545e+01
3.416770e+01 7.379241e+01 2.444215e+01 8.351796e+01
4.259581e+01 7.379241e+01 3.495192e+01 8.143630e+01
2.809204e+01 7.379241e+01 2.626993e+01 7.561452e+01
2.671041e+01 7.379241e+01 2.718383e+01 7.331900e+01
-9.325130e-01 7.379241e+01 2.261436e+01 5.024554e+01
3.656592e+01 7.379241e+01 2.809772e+01 8.226061e+01
3.327917e+01 7.379241e+01 3.312414e+01 7.394745e+01
1.803779e+01 7.379241e+01 2.170046e+01 7.012974e+01
2.814621e+01 7.379241e+01 2.535604e+01 7.658259e+01
4.788416e+01 7.379241e+01 2.535604e+01 9.632053e+01
6.475025e+01 7.379241e+01 2.809772e+01 1.104449e+02
9.790384e+00 7.379241e+01 3.038246e+01 5.320034e+01
3.521172e+01 7.379241e+01 2.901161e+01 7.999252e+01
4.193348e+01 7.379241e+01 2.444215e+01 9.128374e+01
2.228892e+01 7.379241e+01 3.586582e+01 6.021552e+01
3.699777e+01 7.379241e+01 2.535604e+01 8.543414e+01
4.168771e+01 7.379241e+01 2.626993e+01 8.921019e+01
2.225801e+01 7.379241e+01 2.170046e+01 7.434996e+01
4.033110e+01 7.379241e+01 2.901161e+01 8.511190e+01
-6.534152e-02 7.379241e+01 2.626993e+01 4.745714e+01
4.246316e+01 7.379241e+01 3.129635e+01 8.495923e+01
2.856954e+01 7.379241e+01 3.403803e+01 6.832392e+01
3.556967e+01 7.379241e+01 2.901161e+01 8.035047e+01
4.768805e+01 7.379241e+01 2.626993e+01 9.521053e+01
2.098925e+01 7.379241e+01 2.078657e+01 7.399509e+01
5.637849e+01 7.379241e+01 2.946856e+01 1.007023e+02
5.391114e+01 7.379241e+01 3.129635e+01 9.640720e+01
2.012243e+01 7.379241e+01 2.535604e+01 6.855880e+01
5.085403e+01 7.379241e+01 3.129635e+01 9.335009e+01
5.141842e+01 7.379241e+01 2.809772e+01 9.711311e+01
2.993648e+01 7.379241e+01 2.352825e+01 8.020064e+01
2.404138e+01 7.379241e+01 2.626993e+01 7.156386e+01
4.971582e+01 7.379241e+01 3.495192e+01 8.855630e+01
5.545455e+01 7.379241e+01 2.718383e+01 1.020631e+02
2.232736e+01 7.379241e+01 2.718383e+01 6.893594e+01
3.284805e+01 7.379241e+01 2.535604e+01 8.128443e+01
4.958543e+01 7.379241e+01 2.901161e+01 9.436623e+01
6.370042e+01 7.379241e+01 3.312414e+01 1.043687e+02
3.579772e+00 7.379241e+01 4.043529e+01 3.693690e+01
2.578661e+01 7.379241e+01 2.170046e+01 7.787856e+01
4.469900e+01 7.379241e+01 2.901161e+01 8.947980e+01
3.705496e+01 7.379241e+01 2.901161e+01 8.183576e+01
5.051078e+01 7.379241e+01 2.946856e+01 9.483463e+01
