3.277912e+01 8.108263e+01 2.102879e+01 9.283296e+01
-1.757443e+00 8.108263e+01 3.976463e+00 7.534873e+01
-2.545200e+01 8.108263e+01 1.010841e+00 5.461979e+01
5.983683e+01 8.108263e+01 2.493652e+00 1.384258e+02
1.529436e+00 8.108263e+01 5.459274e+00 7.715280e+01
1.269316e+01 8.108263e+01 3.976463e+00 8.979933e+01
1.201008e+01 8.108263e+01 6.942085e+00 8.615063e+01
1.458486e+01 8.108263e+01 8.424896e+00 8.724259e+01
1.162848e+01 8.108263e+01 -1.954781e+00 9.466589e+01
-1.649021e+01 8.108263e+01 2.844284e+01 3.614958e+01
1.858029e+01 8.108263e+01 5.459274e+00 9.420365e+01
5.051311e+00 8.108263e+01 1.213192e+01 7.400202e+01
1.997754e+01 8.108263e+01 1.658036e+01 8.447982e+01
4.953430e+00 8.108263e+01 6.942085e+00 7.909398e+01
7.853391e+01 8.108263e+01 6.942085e+00 1.526745e+02
7.569505e+01 8.108263e+01 -4.719696e-01 1.572496e+02
3.820820e+01 8.108263e+01 -4.719696e-01 1.197628e+02
1.390881e+01 8.108263e+01 6.942085e+00 8.804936e+01
5.571660e+01 8.108263e+01 5.459274e+00 1.313400e+02
1.669689e+01 8.108263e+01 1.010841e+00 9.676868e+01
-3.674064e+00 8.108263e+01 1.010841e+00 7.639773e+01
2.350919e+01 8.108263e+01 8.424896e+00 9.616693e+01
2.069583e+01 8.108263e+01 3.976463e+00 9.780200e+01
-1.671066e+00 8.108263e+01 -3.437592e+00 8.284916e+01
9.857938e+00 8.108263e+01 2.493652e+00 8.844692e+01
1.341942e+01 8.108263e+01 1.658036e+01 7.792170e+01
2.819297e+01 8.108263e+01 2.493652e+00 1.067820e+02
2.506399e+00 8.108263e+01 6.942085e+00 7.664695e+01
2.263881e-02 8.108263e+01 1.010841e+00 8.009443e+01
1.624101e+01 8.108263e+01 1.806317e+01 7.926048e+01
9.270308e+00 8.108263e+01 3.976463e+00 8.637648e+01
2.617014e+01 8.108263e+01 5.459274e+00 1.017935e+02
-5.212589e+00 8.108263e+01 -1.954781e+00 7.782483e+01
2.000455e+01 8.108263e+01 6.942085e+00 9.414510e+01
-3.079491e+00 8.108263e+01 1.509755e+01 6.290560e+01
-1.476335e+01 8.108263e+01 -3.437592e+00 6.975687e+01
4.356351e+00 8.108263e+01 2.493652e+00 8.294533e+01
3.042272e+01 8.108263e+01 2.493652e+00 1.090117e+02
2.376876e+00 8.108263e+01 6.942085e+00 7.651743e+01
9.120228e+00 8.108263e+01 1.064911e+01 7.955375e+01
2.492944e+00 8.108263e+01 8.424896e+00 7.515068e+01
1.093932e+00 8.108263e+01 1.010841e+00 8.116572e+01
4.306470e+01 8.108263e+01 1.954598e+01 1.046014e+02
2.733721e+01 8.108263e+01 2.493652e+00 1.059262e+02
5.027468e+01 8.108263e+01 3.976463e+00 1.273809e+02
5.175537e+01 8.108263e+01 -3.437592e+00 1.362756e+02
5.628921e+00 8.108263e+01 8.424896e+00 7.828666e+01
4.196740e+00 8.108263e+01 3.976463e+00 8.130291e+01
-1.174515e+01 8.108263e+01 1.213192e+01 5.720556e+01
3.621460e+01 8.108263e+01 1.658036e+01 1.007169e+02
7.068804e+01 8.108263e+01 8.424896e+00 1.433458e+02
9.727339e+00 8.108263e+01 3.976463e+00 8.683351e+01
2.186394e+01 8.108263e+01 -4.920403e+00 1.078670e+02
4.340713e+01 8.108263e+01 9.166302e+00 1.153235e+02
1.259314e+01 8.108263e+01 1.213192e+01 8.154385e+01
1.703916e+01 8.108263e+01 2.493652e+00 9.562814e+01
2.721959e+01 8.108263e+01 1.213192e+01 9.617030e+01
4.082262e+01 8.108263e+01 6.942085e+00 1.149632e+02
1.393579e+01 8.108263e+01 -4.719696e-01 9.549040e+01
1.900952e+01 8.108263e+01 3.976463e+00 9.611569e+01
9.319515e+00 8.108263e+01 1.806317e+01 7.233898e+01
7.567080e+00 8.108263e+01 5.459274e+00 8.319044e+01
4.872650e+00 8.108263e+01 5.459274e+00 8.049601e+01
1.044195e+01 8.108263e+01 2.493652e+00 8.903093e+01
6.835423e+01 8.108263e+01 8.424896e+00 1.410120e+02
3.512994e+01 8.108263e+01 1.509755e+01 1.011150e+02
1.116761e-01 8.108263e+01 2.696003e+01 5.423428e+01
2.138211e+01 8.108263e+01 -3.437592e+00 1.059023e+02
6.222763e+01 8.108263e+01 8.424896e+00 1.348854e+02
7.588734e+01 8.108263e+01 8.424896e+00 1.485451e+02
7.358395e+01 8.108263e+01 9.166302e+00 1.455003e+02
