1.155956e+02 1.105698e+02 2.789217e+01 1.982733e+02
3.745593e+01 1.419662e+02 5.928854e+01 1.201336e+02
1.050816e+02 1.474265e+02 6.474878e+01 1.877592e+02
7.654249e+01 1.446963e+02 6.201866e+01 1.592202e+02
8.031284e+01 1.392361e+02 5.655842e+01 1.629905e+02
4.216962e+01 1.419662e+02 5.928854e+01 1.248473e+02
8.901060e+01 1.365060e+02 5.382830e+01 1.716883e+02
5.109720e+01 1.337759e+02 5.109818e+01 1.337749e+02
4.786591e+01 1.528867e+02 7.020902e+01 1.305436e+02
2.087404e+00 9.691924e+01 1.424157e+01 8.476508e+01
9.493895e+01 1.392361e+02 5.655842e+01 1.776166e+02
1.034893e+02 1.269506e+02 4.427288e+01 1.861670e+02
6.765445e+01 1.187602e+02 3.608252e+01 1.503321e+02
7.802680e+01 1.365060e+02 5.382830e+01 1.607045e+02
6.068678e+01 1.365060e+02 5.382830e+01 1.433644e+02
1.274620e+02 1.501566e+02 6.747890e+01 2.101397e+02
8.375365e+01 1.501566e+02 6.747890e+01 1.664313e+02
6.547275e+01 1.365060e+02 5.382830e+01 1.481504e+02
4.627172e+01 1.392361e+02 5.655842e+01 1.289494e+02
7.799988e+01 1.474265e+02 6.474878e+01 1.606776e+02
4.369521e+01 1.474265e+02 6.474878e+01 1.263729e+02
1.127569e+02 1.337759e+02 5.109818e+01 1.954346e+02
1.224296e+02 1.419662e+02 5.928854e+01 2.051073e+02
1.140990e+02 1.556168e+02 7.293914e+01 1.967767e+02
6.938908e+01 1.446963e+02 6.201866e+01 1.520668e+02
5.970613e+00 1.187602e+02 3.608252e+01 8.864829e+01
9.909875e+01 1.446963e+02 6.201866e+01 1.817764e+02
8.172148e+01 1.365060e+02 5.382830e+01 1.643992e+02
8.106551e+01 1.474265e+02 6.474878e+01 1.637432e+02
8.446035e+01 1.160301e+02 3.335240e+01 1.671380e+02
1.370501e+02 1.419662e+02 5.928854e+01 2.197277e+02
5.132713e+01 1.392361e+02 5.655842e+01 1.340048e+02
2.502556e+01 1.528867e+02 7.020902e+01 1.077032e+02
5.025456e+01 1.365060e+02 5.382830e+01 1.329322e+02
4.599224e+01 1.214903e+02 3.881264e+01 1.286699e+02
5.669846e+01 1.556168e+02 7.293914e+01 1.393761e+02
9.964843e+01 1.446963e+02 6.201866e+01 1.823261e+02
3.635517e+01 1.446963e+02 6.201866e+01 1.190328e+02
8.886509e+01 1.365060e+02 5.382830e+01 1.715428e+02
2.875960e+01 1.296807e+02 4.700300e+01 1.114373e+02
2.379163e+01 1.337759e+02 5.109818e+01 1.064693e+02
6.964461e+01 1.474265e+02 6.474878e+01 1.523223e+02
4.406287e+00 1.133000e+02 3.062228e+01 8.708396e+01
6.549638e+01 1.446963e+02 6.201866e+01 1.481741e+02
8.952096e+01 1.419662e+02 5.928854e+01 1.721986e+02
3.696865e+01 1.556168e+02 7.293914e+01 1.196463e+02
3.887889e+01 1.337759e+02 5.109818e+01 1.215566e+02
1.666326e+01 1.419662e+02 5.928854e+01 9.934094e+01
9.395346e+01 1.269506e+02 4.427288e+01 1.766311e+02
4.976310e+01 1.187602e+02 3.608252e+01 1.324408e+02
4.324736e+01 1.337759e+02 5.109818e+01 1.259250e+02
7.992023e+01 1.419662e+02 5.928854e+01 1.625979e+02
8.975297e+01 1.583469e+02 7.566926e+01 1.724306e+02
6.238947e+01 1.324108e+02 4.973312e+01 1.450671e+02
6.614840e+01 1.269506e+02 4.427288e+01 1.488261e+02
1.372372e+02 1.446963e+02 6.201866e+01 2.199148e+02
5.834306e+01 1.269506e+02 4.427288e+01 1.410207e+02
1.693248e+02 1.365060e+02 5.382830e+01 2.520025e+02
5.831800e+01 1.501566e+02 6.747890e+01 1.409957e+02
2.831364e+01 1.419662e+02 5.928854e+01 1.109913e+02
3.137817e+01 1.160301e+02 3.335240e+01 1.140558e+02
2.536475e+01 1.392361e+02 5.655842e+01 1.080424e+02
3.332066e+01 1.392361e+02 5.655842e+01 1.159983e+02
3.458315e+01 1.446963e+02 6.201866e+01 1.172608e+02
4.083944e+01 1.337759e+02 5.109818e+01 1.235171e+02
5.913696e+01 1.214903e+02 3.881264e+01 1.418146e+02
5.853239e+00 9.964936e+01 1.697169e+01 8.853091e+01
7.539643e+01 1.556168e+02 7.293914e+01 1.580741e+02
1.018177e+02 1.337759e+02 5.109818e+01 1.844953e+02
3.507515e+01 1.337759e+02 5.109818e+01 1.177528e+02
5.023127e+01 1.324108e+02 4.973312e+01 1.329089e+02
