4.573514e+01 5.015217e+01 1.044320e+01 8.544411e+01
1.332144e+01 6.439290e+01 2.468394e+01 5.303041e+01
2.343739e+01 6.686956e+01 2.716059e+01 6.314636e+01
4.326458e+01 6.563123e+01 2.592226e+01 8.297355e+01
3.310344e+01 6.315458e+01 2.344561e+01 7.281241e+01
3.972012e+01 6.439290e+01 2.468394e+01 7.942909e+01
3.628295e+01 6.191625e+01 2.220729e+01 7.599192e+01
3.728267e+01 6.067793e+01 2.096896e+01 7.699164e+01
4.601039e+01 6.934621e+01 2.963724e+01 8.571936e+01
-1.625008e+01 4.396054e+01 4.251572e+00 2.345889e+01
3.342953e+01 6.315458e+01 2.344561e+01 7.313850e+01
4.122846e+01 5.758212e+01 1.787315e+01 8.093743e+01
2.554801e+01 5.386714e+01 1.415817e+01 6.525698e+01
1.741961e+01 6.191625e+01 2.220729e+01 5.712857e+01
1.634195e+01 6.191625e+01 2.220729e+01 5.605092e+01
7.112986e+01 6.810788e+01 2.839891e+01 1.108388e+02
4.159035e+01 6.810788e+01 2.839891e+01 8.129931e+01
3.027711e+01 6.191625e+01 2.220729e+01 6.998607e+01
4.765055e+01 6.315458e+01 2.344561e+01 8.735952e+01
5.585037e+01 6.686956e+01 2.716059e+01 9.555934e+01
5.143229e+00 6.686956e+01 2.716059e+01 4.485220e+01
3.637816e+01 6.067793e+01 2.096896e+01 7.608713e+01
3.936770e+01 6.439290e+01 2.468394e+01 7.907667e+01
4.513537e+01 7.058453e+01 3.087556e+01 8.484434e+01
3.469937e+01 6.563123e+01 2.592226e+01 7.440834e+01
4.133503e+00 5.386714e+01 1.415817e+01 4.384247e+01
5.015814e+01 6.563123e+01 2.592226e+01 8.986711e+01
4.695293e+01 6.191625e+01 2.220729e+01 8.666190e+01
4.716083e+01 6.686956e+01 2.716059e+01 8.686979e+01
2.320917e+01 5.262882e+01 1.291985e+01 6.291814e+01
2.816141e+01 6.439290e+01 2.468394e+01 6.787038e+01
1.429572e+01 6.315458e+01 2.344561e+01 5.400469e+01
2.495136e+01 6.934621e+01 2.963724e+01 6.466033e+01
2.243132e+01 6.191625e+01 2.220729e+01 6.214029e+01
1.617960e+01 5.510547e+01 1.539650e+01 5.588857e+01
3.776345e+01 7.058453e+01 3.087556e+01 7.747242e+01
2.232280e+01 6.563123e+01 2.592226e+01 6.203177e+01
2.686332e+01 6.563123e+01 2.592226e+01 6.657229e+01
3.347254e+01 6.191625e+01 2.220729e+01 7.318151e+01
1.032790e+01 5.882044e+01 1.911147e+01 5.003686e+01
1.827018e+00 6.067793e+01 2.096896e+01 4.153599e+01
1.959080e+01 6.686956e+01 2.716059e+01 5.929977e+01
6.140041e+00 5.139049e+01 1.168152e+01 4.584901e+01
3.607523e+01 6.563123e+01 2.592226e+01 7.578420e+01
4.487748e+01 6.439290e+01 2.468394e+01 8.458645e+01
3.122010e+01 7.058453e+01 3.087556e+01 7.092907e+01
1.684274e+01 6.067793e+01 2.096896e+01 5.655171e+01
6.903530e+00 6.439290e+01 2.468394e+01 4.661250e+01
2.729168e+01 5.758212e+01 1.787315e+01 6.700065e+01
3.171024e+01 5.386714e+01 1.415817e+01 7.141920e+01
1.911909e+01 6.067793e+01 2.096896e+01 5.882806e+01
2.807723e+01 6.439290e+01 2.468394e+01 6.778620e+01
2.832723e+01 7.182286e+01 3.211389e+01 6.803619e+01
3.302250e+01 6.005877e+01 2.034980e+01 7.273147e+01
3.246309e+01 5.758212e+01 1.787315e+01 7.217206e+01
4.036144e+01 6.563123e+01 2.592226e+01 8.007041e+01
3.387182e+01 5.758212e+01 1.787315e+01 7.358079e+01
5.998369e+01 6.191625e+01 2.220729e+01 9.969266e+01
3.152706e+01 6.810788e+01 2.839891e+01 7.123603e+01
1.300556e+01 6.439290e+01 2.468394e+01 5.271453e+01
9.686648e+00 5.262882e+01 1.291985e+01 4.939562e+01
1.762404e+01 6.315458e+01 2.344561e+01 5.733301e+01
3.749530e+01 6.315458e+01 2.344561e+01 7.720427e+01
1.989190e+01 6.563123e+01 2.592226e+01 5.960087e+01
3.273369e+01 6.067793e+01 2.096896e+01 7.244266e+01
2.777126e+01 5.510547e+01 1.539650e+01 6.748023e+01
4.966371e+00 4.519887e+01 5.489897e+00 4.467534e+01
2.652564e+01 7.058453e+01 3.087556e+01 6.623461e+01
5.226479e+01 6.067793e+01 2.096896e+01 9.197376e+01
1.632636e+01 6.067793e+01 2.096896e+01 5.603533e+01
1.781151e+01 6.005877e+01 2.034980e+01 5.752048e+01
