8.101707e+01 8.151882e+01 4.462125e+01 1.179146e+02
8.420485e+00 8.151882e+01 3.414416e+01 5.579514e+01
1.396699e+01 8.151882e+01 3.232206e+01 6.316375e+01
6.230726e+01 8.151882e+01 3.323311e+01 1.105930e+02
2.532223e+01 8.151882e+01 3.505521e+01 7.178584e+01
7.856946e+01 8.151882e+01 3.414416e+01 1.259441e+02
5.001393e+01 8.151882e+01 3.596627e+01 9.556648e+01
5.982757e+01 8.151882e+01 3.687732e+01 1.044691e+02
5.066404e+01 8.151882e+01 3.049996e+01 1.016829e+02
2.165396e+01 8.151882e+01 4.917651e+01 5.399628e+01
7.703734e+01 8.151882e+01 3.505521e+01 1.235009e+02
7.568488e+01 8.151882e+01 3.915494e+01 1.180488e+02
7.623771e+01 8.151882e+01 4.188810e+01 1.158684e+02
1.809895e+01 8.151882e+01 3.596627e+01 6.365150e+01
7.164820e+01 8.151882e+01 3.596627e+01 1.172008e+02
6.750141e+01 8.151882e+01 3.141101e+01 1.176092e+02
3.574051e+01 8.151882e+01 3.141101e+01 8.584832e+01
5.408885e+01 8.151882e+01 3.596627e+01 9.964140e+01
7.189712e+01 8.151882e+01 3.505521e+01 1.183607e+02
4.590469e+01 8.151882e+01 3.232206e+01 9.510145e+01
1.886337e+01 8.151882e+01 3.232206e+01 6.806013e+01
6.960879e+01 8.151882e+01 3.687732e+01 1.142503e+02
5.007968e+01 8.151882e+01 3.414416e+01 9.745434e+01
2.310169e+01 8.151882e+01 2.958891e+01 7.503160e+01
3.829480e+01 8.151882e+01 3.323311e+01 8.658050e+01
4.058443e+01 8.151882e+01 4.188810e+01 8.021515e+01
5.084980e+01 8.151882e+01 3.323311e+01 9.913550e+01
5.666722e+01 8.151882e+01 3.596627e+01 1.022198e+02
4.793089e+01 8.151882e+01 3.232206e+01 9.712765e+01
5.718333e+01 8.151882e+01 4.279915e+01 9.590301e+01
5.612595e+01 8.151882e+01 3.414416e+01 1.035006e+02
2.875778e+01 8.151882e+01 3.505521e+01 7.522139e+01
1.376024e+01 8.151882e+01 3.049996e+01 6.477910e+01
3.943554e+01 8.151882e+01 3.596627e+01 8.498810e+01
2.993892e+01 8.151882e+01 4.097705e+01 7.048070e+01
3.477693e+01 8.151882e+01 2.958891e+01 8.670684e+01
5.253033e+01 8.151882e+01 3.323311e+01 1.008160e+02
6.624020e+01 8.151882e+01 3.323311e+01 1.145259e+02
6.071270e+01 8.151882e+01 3.596627e+01 1.062653e+02
2.085494e+01 8.151882e+01 3.824389e+01 6.412986e+01
4.472783e+01 8.151882e+01 3.687732e+01 8.936933e+01
7.443356e+01 8.151882e+01 3.232206e+01 1.236303e+02
4.620134e+01 8.151882e+01 4.371020e+01 8.400996e+01
4.320006e+01 8.151882e+01 3.323311e+01 9.148577e+01
7.317951e+01 8.151882e+01 3.414416e+01 1.205542e+02
3.634110e+01 8.151882e+01 2.958891e+01 8.827101e+01
4.737862e+01 8.151882e+01 3.687732e+01 9.202012e+01
6.865233e+00 8.151882e+01 3.414416e+01 5.423989e+01
4.540249e+01 8.151882e+01 3.915494e+01 8.776637e+01
4.391204e+01 8.151882e+01 4.188810e+01 8.354276e+01
5.492926e+01 8.151882e+01 3.687732e+01 9.957077e+01
2.846397e+01 8.151882e+01 3.414416e+01 7.583863e+01
3.795370e+01 8.151882e+01 2.867786e+01 9.079467e+01
7.031682e+01 8.151882e+01 3.733284e+01 1.145028e+02
6.581034e+01 8.151882e+01 3.915494e+01 1.081742e+02
3.967405e+01 8.151882e+01 3.323311e+01 8.795976e+01
5.614190e+01 8.151882e+01 3.915494e+01 9.850577e+01
6.990894e+01 8.151882e+01 3.596627e+01 1.154615e+02
4.891544e+01 8.151882e+01 3.141101e+01 9.902325e+01
2.918936e+01 8.151882e+01 3.414416e+01 7.656402e+01
5.394600e+01 8.151882e+01 4.279915e+01 9.266567e+01
2.972693e+01 8.151882e+01 3.505521e+01 7.619054e+01
3.701069e+01 8.151882e+01 3.505521e+01 8.347430e+01
3.536239e+01 8.151882e+01 3.323311e+01 8.364809e+01
5.728909e+01 8.151882e+01 3.687732e+01 1.019306e+02
6.520304e+01 8.151882e+01 4.097705e+01 1.057448e+02
3.451129e+00 8.151882e+01 4.826546e+01 3.670449e+01
3.013305e+01 8.151882e+01 2.958891e+01 8.206296e+01
8.377438e+01 8.151882e+01 3.687732e+01 1.284159e+02
5.816081e+01 8.151882e+01 3.687732e+01 1.028023e+02
5.449550e+01 8.151882e+01 3.733284e+01 9.868148e+01
