6.121480e+01 2.562572e+01 3.242197e+01 5.441855e+01
1.341569e+01 1.962821e+01 3.673381e+01 -3.689900e+00
2.527187e+01 2.344481e+01 3.262405e+01 1.609263e+01
5.810717e+01 1.363070e+01 4.258474e+01 2.915314e+01
2.245417e+01 2.835187e+01 2.636883e+01 2.443721e+01
1.006286e+02 1.254025e+01 4.203386e+01 7.113498e+01
3.906605e+01 2.071867e+01 3.414860e+01 2.563612e+01
6.314358e+01 1.199502e+01 4.480674e+01 3.033185e+01
3.609730e+01 3.107801e+01 2.290979e+01 4.426553e+01
2.017094e+01 1.962821e+01 3.736447e+01 2.434683e+00
4.699288e+01 1.744730e+01 3.906130e+01 2.537888e+01
5.277533e+01 2.780664e+01 2.757367e+01 5.300831e+01
8.327080e+01 1.144979e+01 4.615816e+01 4.856242e+01
1.030419e+01 1.417593e+01 4.247925e+01 -1.799913e+01
6.609067e+01 1.144979e+01 4.341748e+01 3.412298e+01
7.275670e+01 1.090456e+01 4.501772e+01 3.864355e+01
3.154436e+01 2.780664e+01 2.811565e+01 3.123535e+01
4.752750e+01 1.690207e+01 3.975311e+01 2.467646e+01
4.552382e+01 3.271369e+01 2.379491e+01 5.444260e+01
3.507911e+01 2.889709e+01 2.717177e+01 3.680443e+01
1.893511e+01 2.289958e+01 3.316928e+01 8.665417e+00
4.154720e+01 3.162323e+01 2.517853e+01 4.799191e+01
3.689052e+01 1.799253e+01 3.836949e+01 1.651356e+01
1.494075e+01 3.489460e+01 2.073452e+01 2.910083e+01
2.925341e+01 2.889709e+01 2.731835e+01 3.083215e+01
3.365399e+01 2.071867e+01 3.293438e+01 2.143828e+01
4.357906e+01 1.690207e+01 3.535846e+01 2.512267e+01
3.970460e+01 2.344481e+01 2.925547e+01 3.389394e+01
4.136993e+01 2.071867e+01 3.139529e+01 3.069331e+01
3.767221e+01 2.453527e+01 2.747645e+01 3.473103e+01
4.734013e+01 2.344481e+01 2.896231e+01 4.182263e+01
1.417610e+01 2.998755e+01 2.077824e+01 2.338541e+01
1.680155e+01 2.235436e+01 2.946644e+01 9.689461e+00
1.999425e+01 2.780664e+01 2.310573e+01 2.469516e+01
2.758673e+01 2.617095e+01 2.733552e+01 2.642217e+01
4.030971e+01 2.289958e+01 2.877463e+01 3.443466e+01
4.532902e+01 2.235436e+01 2.990618e+01 3.777719e+01
5.536217e+01 2.453527e+01 2.593736e+01 5.396008e+01
4.283229e+01 2.235436e+01 3.034592e+01 3.484072e+01
1.034303e+01 2.726141e+01 2.401741e+01 1.358703e+01
2.324384e+01 3.325892e+01 1.958794e+01 3.691482e+01
5.028312e+01 2.344481e+01 2.866915e+01 4.505878e+01
1.477857e+01 3.162323e+01 2.232298e+01 2.407883e+01
3.291736e+01 2.562572e+01 2.484690e+01 3.369618e+01
4.941030e+01 2.017344e+01 3.223367e+01 3.735007e+01
2.428536e+01 2.889709e+01 2.277712e+01 3.040533e+01
3.366829e+01 2.617095e+01 2.667591e+01 3.316334e+01
1.543157e+01 1.908299e+01 3.153622e+01 2.978339e+00
3.887544e+01 2.399004e+01 2.922327e+01 3.364221e+01
3.777417e+01 2.017344e+01 3.347961e+01 2.446800e+01
3.777712e+01 2.180913e+01 2.924982e+01 3.033643e+01
2.045351e+01 1.744730e+01 3.495982e+01 2.940996e+00
3.258949e+01 1.363070e+01 3.789693e+01 8.323259e+00
5.395755e+01 1.744730e+01 3.547285e+01 3.593201e+01
6.751436e+01 1.690207e+01 3.631123e+01 4.810520e+01
3.560445e+01 2.835187e+01 2.390867e+01 4.004765e+01
6.817634e+01 1.035934e+01 4.285397e+01 3.568170e+01
8.380158e+01 1.853776e+01 3.416252e+01 6.817682e+01
2.324342e+01 3.271369e+01 1.925369e+01 3.670342e+01
2.281132e+01 2.399004e+01 2.841708e+01 1.838428e+01
2.219524e+01 2.835187e+01 2.544776e+01 2.509934e+01
2.474174e+01 1.308548e+01 3.946822e+01 -1.641009e+00
2.371980e+01 2.617095e+01 2.638275e+01 2.350801e+01
3.014370e+01 2.399004e+01 2.827050e+01 2.586324e+01
3.433199e+01 3.598506e+01 1.507389e+01 5.524316e+01
6.644486e+01 3.489460e+01 1.861187e+01 8.272759e+01
-4.171888e-02 1.090456e+01 4.198664e+01 -3.112379e+01
3.208993e+01 2.289958e+01 2.877463e+01 2.621488e+01
7.453283e+01 1.744730e+01 3.539956e+01 5.658058e+01
3.669015e+01 2.126390e+01 3.158296e+01 2.637109e+01
1.771941e+01 2.235436e+01 3.056579e+01 9.507969e+00
