3.383435e+01 0.000000e+00 1.988682e+01 1.394753e+01
8.495043e-01 0.000000e+00 1.914286e+01 -1.829336e+01
8.380686e+00 0.000000e+00 2.040320e+01 -1.202252e+01
2.214703e+01 0.000000e+00 1.751219e+01 4.634836e+00
5.655526e+01 2.841669e+01 4.996983e+01 3.500212e+01
9.696914e+01 2.841669e+01 4.553260e+01 7.985324e+01
1.447281e+02 2.841669e+01 4.770250e+01 1.254423e+02
1.903164e+01 0.000000e+00 1.670663e+01 2.325001e+00
4.450120e+01 2.841669e+01 5.117168e+01 2.174622e+01
-1.650169e+01 2.841669e+01 4.616615e+01 -3.425115e+01
3.123695e+01 0.000000e+00 1.843473e+01 1.280221e+01
3.467859e+01 2.841669e+01 4.943389e+01 1.366139e+01
5.896760e+00 0.000000e+00 1.608625e+01 -1.018949e+01
4.807608e+00 0.000000e+00 1.741476e+01 -1.260716e+01
-2.640189e+01 2.841669e+01 4.505186e+01 -4.303706e+01
-5.045440e+00 0.000000e+00 1.690149e+01 -2.194693e+01
2.911985e+01 0.000000e+00 2.173501e+01 7.384837e+00
1.123493e+01 0.000000e+00 1.819437e+01 -6.959432e+00
2.833202e+01 0.000000e+00 2.280050e+01 5.531525e+00
-2.312944e+00 0.000000e+00 2.196240e+01 -2.427535e+01
-7.363021e+00 0.000000e+00 2.024728e+01 -2.761030e+01
4.312194e+01 0.000000e+00 2.231976e+01 2.080218e+01
8.044575e+01 0.000000e+00 1.867510e+01 6.177064e+01
5.242683e+01 0.000000e+00 2.393087e+01 2.849596e+01
2.804466e+01 0.000000e+00 2.187796e+01 6.166707e+00
5.385620e+01 0.000000e+00 1.516027e+01 3.869593e+01
4.723563e+01 0.000000e+00 1.487109e+01 3.236454e+01
2.531488e+01 0.000000e+00 1.648879e+01 8.826091e+00
6.946536e+00 0.000000e+00 1.604698e+01 -9.100448e+00
3.205602e+01 2.841669e+01 4.458396e+01 1.588876e+01
2.583551e+01 0.000000e+00 1.665769e+01 9.177823e+00
4.495751e+01 2.841669e+01 4.686098e+01 2.651323e+01
1.186008e+01 0.000000e+00 1.668364e+01 -4.823563e+00
5.751157e+01 2.841669e+01 4.615285e+01 3.977542e+01
7.442471e+01 0.000000e+00 1.680392e+01 5.762078e+01
1.066289e+02 0.000000e+00 1.692401e+01 8.970490e+01
-3.052229e+01 0.000000e+00 1.643030e+01 -4.695258e+01
8.008283e+01 2.841669e+01 4.547067e+01 6.302886e+01
6.458224e+01 0.000000e+00 1.617695e+01 4.840530e+01
7.309021e+01 2.841669e+01 4.578580e+01 5.572110e+01
2.726788e+01 0.000000e+00 1.921090e+01 8.056979e+00
3.277564e+00 0.000000e+00 1.682659e+01 -1.354902e+01
1.235088e+01 0.000000e+00 1.810978e+01 -5.758899e+00
1.427023e+01 2.841669e+01 4.578251e+01 -3.095588e+00
5.272710e-01 0.000000e+00 1.572217e+01 -1.519490e+01
9.102453e+00 0.000000e+00 1.863913e+01 -9.536680e+00
1.051978e+01 0.000000e+00 1.718394e+01 -6.664164e+00
1.557271e+02 2.841669e+01 4.382702e+01 1.403168e+02
6.772435e+00 0.000000e+00 1.634914e+01 -9.576704e+00
4.379145e+01 0.000000e+00 1.500435e+01 2.878710e+01
2.010542e+01 2.841669e+01 4.435328e+01 4.168844e+00
-4.833025e+01 0.000000e+00 1.494257e+01 -6.327282e+01
6.014034e+01 0.000000e+00 1.435782e+01 4.578252e+01
2.310768e+01 0.000000e+00 1.464699e+01 8.460689e+00
3.243616e+01 0.000000e+00 1.432218e+01 1.811399e+01
8.143233e+01 0.000000e+00 1.814542e+01 6.328692e+01
2.988711e+01 0.000000e+00 1.245113e+01 1.743598e+01
-8.357112e+00 0.000000e+00 1.508551e+01 -2.344262e+01
-4.644043e-01 0.000000e+00 1.956168e+01 -2.002608e+01
1.253940e+01 0.000000e+00 1.681361e+01 -4.274210e+00
4.556717e+00 0.000000e+00 1.725871e+01 -1.270199e+01
-7.763949e+00 0.000000e+00 1.361076e+01 -2.137470e+01
-3.043844e+00 0.000000e+00 1.735284e+01 -2.039668e+01
1.811104e+01 0.000000e+00 1.689806e+01 1.212984e+00
9.287378e+01 2.841669e+01 4.840720e+01 7.288327e+01
2.721558e+00 0.000000e+00 1.929865e+01 -1.657709e+01
-3.397627e+01 2.841669e+01 4.017926e+01 -4.573884e+01
2.901905e+01 0.000000e+00 1.692401e+01 1.209504e+01
2.114246e+01 0.000000e+00 1.468922e+01 6.453241e+00
4.996834e+01 0.000000e+00 1.578066e+01 3.418768e+01
9.962163e+01 0.000000e+00 1.605028e+01 8.357135e+01
