2.496680e+00 2.245062e+01 -2.468872e+01 4.963603e+01
-6.146479e+00 2.245062e+01 -1.909286e+01 3.539700e+01
-6.932532e+01 2.245062e+01 -1.798025e+01 -2.889444e+01
-2.054049e+01 2.245062e+01 -1.876335e+01 2.067348e+01
1.817131e+00 2.245062e+01 -2.668413e+01 5.095188e+01
-3.318954e+01 2.245062e+01 -2.663616e+01 1.589725e+01
-2.408370e+01 2.245062e+01 -2.740467e+01 2.577159e+01
1.983375e+01 2.245062e+01 -2.081651e+01 6.310087e+01
-1.094207e+01 2.245062e+01 -2.409814e+01 3.560669e+01
-5.174966e+01 2.245062e+01 -3.470854e+01 5.409505e+00
-2.322725e+01 2.245062e+01 -1.965698e+01 1.888035e+01
-3.167937e+01 2.245062e+01 -2.895679e+01 1.972804e+01
-3.321473e+01 2.245062e+01 -2.359072e+01 1.282661e+01
1.646965e+01 2.245062e+01 -2.025238e+01 5.917265e+01
-1.479912e+01 2.245062e+01 -2.767056e+01 3.532206e+01
-5.352420e+01 2.245062e+01 -1.783844e+01 -1.323514e+01
-2.588824e+01 2.245062e+01 -1.735357e+01 1.391595e+01
2.627270e+00 2.245062e+01 -2.017418e+01 4.525207e+01
-1.882214e+01 2.245062e+01 -1.921903e+01 2.284751e+01
-4.244274e+01 2.245062e+01 -1.782384e+01 -2.168278e+00
-3.161224e+01 2.245062e+01 -1.799589e+01 8.834279e+00
2.382808e+01 2.245062e+01 -2.025343e+01 6.653213e+01
-2.575717e+01 2.245062e+01 -1.913978e+01 1.583323e+01
-8.479194e+01 2.245062e+01 -1.614712e+01 -4.619420e+01
-1.638041e+01 2.245062e+01 -1.832540e+01 2.439561e+01
3.763014e+00 0.000000e+00 -8.741986e-01 4.637213e+00
1.597768e+01 0.000000e+00 3.781117e+00 1.219656e+01
-2.262943e-01 0.000000e+00 2.464135e+00 -2.690429e+00
1.404999e+01 0.000000e+00 4.392162e+00 9.657826e+00
-2.204893e+01 0.000000e+00 -8.606244e+00 -1.344269e+01
-1.782730e+01 0.000000e+00 3.467251e+00 -2.129455e+01
1.009092e-01 0.000000e+00 -4.186589e+00 4.287498e+00
-2.281174e+01 0.000000e+00 5.442202e+00 -2.825394e+01
-5.225122e+01 0.000000e+00 -4.750711e+00 -4.750051e+01
-3.036488e+01 0.000000e+00 -2.162302e-01 -3.014865e+01
1.235357e+01 0.000000e+00 5.959401e+00 6.394174e+00
4.887623e+01 0.000000e+00 3.937527e+00 4.493870e+01
-8.869398e+00 0.000000e+00 -3.339883e+00 -5.529515e+00
-2.751870e+01 0.000000e+00 2.432853e+00 -2.995155e+01
-1.760567e+01 0.000000e+00 -6.020248e+00 -1.158542e+01
-1.967147e+01 0.000000e+00 2.244115e+00 -2.191559e+01
1.116910e+01 0.000000e+00 4.470367e+00 6.698732e+00
2.142896e+00 0.000000e+00 -1.564494e+00 3.707391e+00
3.113406e+01 0.000000e+00 -3.308601e+00 3.444266e+01
3.364296e+01 0.000000e+00 3.373405e+00 3.026955e+01
1.233667e+01 0.000000e+00 6.131452e+00 6.205213e+00
1.876622e+01 0.000000e+00 2.040782e+00 1.672544e+01
2.202842e-01 0.000000e+00 -3.997852e+00 4.218136e+00
2.128852e+01 0.000000e+00 7.243221e-01 2.056419e+01
1.625102e+01 0.000000e+00 -8.898397e-01 1.714086e+01
-5.983761e+01 0.000000e+00 -5.424321e+00 -5.441329e+01
-9.496609e-01 0.000000e+00 3.295200e+00 -4.244861e+00
-5.935989e+01 0.000000e+00 6.195062e+00 -6.555496e+01
-7.467557e+00 0.000000e+00 1.539746e+00 -9.007303e+00
7.832432e+01 0.000000e+00 5.209887e-01 7.780333e+01
2.895976e+01 0.000000e+00 4.109579e+00 2.485018e+01
-9.884789e+00 0.000000e+00 3.332963e-01 -1.021809e+01
2.245599e+01 0.000000e+00 2.323365e+00 2.013262e+01
7.195279e+00 0.000000e+00 5.237823e+00 1.957456e+00
-4.503503e+01 0.000000e+00 3.482892e+00 -4.851792e+01
1.427155e-02 0.000000e+00 -1.156782e+00 1.171054e+00
-2.294287e+01 0.000000e+00 2.668513e+00 -2.561138e+01
2.412220e+01 0.000000e+00 3.043898e+00 2.107830e+01
-1.670655e+01 0.000000e+00 3.984450e+00 -2.069100e+01
-3.056920e+00 0.000000e+00 -5.017654e+00 1.960734e+00
-1.028183e+01 0.000000e+00 3.402632e-02 -1.031586e+01
-2.360460e+01 0.000000e+00 -1.200662e+01 -1.159798e+01
-8.108009e+00 0.000000e+00 5.959401e+00 -1.406741e+01
-3.568119e+01 0.000000e+00 1.790525e+00 -3.747171e+01
3.819283e+01 0.000000e+00 1.900012e+00 3.629282e+01
-1.970698e+01 0.000000e+00 1.680515e+00 -2.138750e+01
