7.986292e+01 9.011842e+01 4.757068e+01 1.224107e+02
9.446609e+00 9.011842e+01 4.019365e+01 5.937137e+01
1.570846e+01 9.011842e+01 3.692991e+01 6.889697e+01
6.715058e+01 9.011842e+01 4.178418e+01 1.154848e+02
2.309125e+01 9.011842e+01 3.106196e+01 8.214770e+01
8.147705e+01 9.011842e+01 3.665271e+01 1.349428e+02
4.638956e+01 9.011842e+01 3.502729e+01 1.014807e+02
6.636778e+01 9.011842e+01 4.586709e+01 1.106191e+02
5.013519e+01 9.011842e+01 2.568052e+01 1.145731e+02
1.911143e+01 9.011842e+01 4.785552e+01 6.137433e+01
7.761493e+01 9.011842e+01 4.193664e+01 1.257967e+02
7.341993e+01 9.011842e+01 3.512743e+01 1.284109e+02
8.103313e+01 9.011842e+01 5.078661e+01 1.203649e+02
1.957027e+01 9.011842e+01 4.412410e+01 6.556458e+01
7.229098e+01 9.011842e+01 3.880528e+01 1.236041e+02
7.242853e+01 9.011842e+01 4.118725e+01 1.213597e+02
3.436667e+01 9.011842e+01 3.429798e+01 9.018711e+01
5.335624e+01 9.011842e+01 4.301293e+01 1.004617e+02
7.147633e+01 9.011842e+01 3.571408e+01 1.258807e+02
4.785268e+01 9.011842e+01 3.470756e+01 1.032635e+02
1.944873e+01 9.011842e+01 3.715214e+01 7.241501e+01
7.151243e+01 9.011842e+01 3.786665e+01 1.237642e+02
4.838588e+01 9.011842e+01 4.086036e+01 9.764394e+01
2.098174e+01 9.011842e+01 2.970083e+01 8.139933e+01
3.874367e+01 9.011842e+01 3.556161e+01 9.330047e+01
4.367820e+01 9.011842e+01 4.452223e+01 8.927439e+01
4.999471e+01 9.011842e+01 3.796437e+01 1.021488e+02
5.278123e+01 9.011842e+01 3.785971e+01 1.050399e+02
4.698401e+01 9.011842e+01 3.555468e+01 1.015477e+02
5.784283e+01 9.011842e+01 3.739064e+01 1.105706e+02
5.506799e+01 9.011842e+01 3.615161e+01 1.090348e+02
2.201763e+01 9.011842e+01 2.790885e+01 8.422719e+01
1.440425e+01 9.011842e+01 3.317987e+01 7.134279e+01
3.698771e+01 9.011842e+01 2.965184e+01 9.745429e+01
2.895449e+01 9.011842e+01 4.144583e+01 7.762707e+01
3.380917e+01 9.011842e+01 3.210358e+01 9.182400e+01
5.731610e+01 9.011842e+01 3.574203e+01 1.116925e+02
6.580715e+01 9.011842e+01 2.842309e+01 1.275025e+02
6.380149e+01 9.011842e+01 3.830418e+01 1.156157e+02
1.793208e+01 9.011842e+01 3.200921e+01 7.604128e+01
4.239325e+01 9.011842e+01 3.471355e+01 9.779812e+01
7.605329e+01 9.011842e+01 3.444351e+01 1.317282e+02
4.290780e+01 9.011842e+01 4.178564e+01 9.124057e+01
4.254036e+01 9.011842e+01 2.797862e+01 1.046801e+02
7.732567e+01 9.011842e+01 3.748502e+01 1.299591e+02
3.714880e+01 9.011842e+01 2.965900e+01 9.760822e+01
4.823707e+01 9.011842e+01 3.760259e+01 1.007529e+02
5.060021e+00 9.011842e+01 3.149949e+01 6.367895e+01
4.512539e+01 9.011842e+01 4.062666e+01 9.461714e+01
4.437001e+01 9.011842e+01 4.474446e+01 8.974396e+01
5.400723e+01 9.011842e+01 3.295048e+01 1.111752e+02
3.192684e+01 9.011842e+01 3.859619e+01 8.344907e+01
4.126141e+01 9.011842e+01 3.502752e+01 9.635232e+01
6.407687e+01 9.011842e+01 4.158537e+01 1.126099e+02
6.946352e+01 9.011842e+01 4.351571e+01 1.160662e+02
3.945938e+01 9.011842e+01 3.329745e+01 9.628035e+01
6.052068e+01 9.011842e+01 4.618253e+01 1.044566e+02
7.320506e+01 9.011842e+01 3.985982e+01 1.234637e+02
4.434389e+01 9.011842e+01 2.981147e+01 1.046508e+02
2.990302e+01 9.011842e+01 3.592938e+01 8.409206e+01
5.046383e+01 9.011842e+01 4.226500e+01 9.831725e+01
3.139133e+01 9.011842e+01 4.122812e+01 8.028163e+01
3.603323e+01 9.011842e+01 3.589449e+01 9.025716e+01
3.447784e+01 9.011842e+01 3.507532e+01 8.952094e+01
5.152845e+01 9.011842e+01 2.717238e+01 1.144745e+02
6.780345e+01 9.011842e+01 3.789008e+01 1.200318e+02
1.835032e+00 9.011842e+01 4.807082e+01 4.388263e+01
2.819780e+01 9.011842e+01 3.210358e+01 8.621264e+01
8.860362e+01 9.011842e+01 4.115835e+01 1.375637e+02
5.510329e+01 9.011842e+01 3.960270e+01 1.056190e+02
4.679652e+01 9.011842e+01 3.958526e+01 9.732968e+01
