7.710109e+01 6.468604e+01 6.186493e+01 7.992220e+01
8.620744e+00 4.954676e+01 6.657504e+01 -8.407540e+00
4.419741e+01 5.918085e+01 5.512718e+01 4.825108e+01
6.996746e+01 3.440747e+01 8.080744e+01 2.356749e+01
7.645335e+00 7.156754e+01 3.815516e+01 4.105771e+01
1.341090e+02 3.165487e+01 7.716094e+01 8.860294e+01
5.765652e+01 5.229935e+01 5.833023e+01 5.162565e+01
2.205288e+02 3.027857e+01 8.856388e+01 1.622435e+02
6.878194e+01 7.844903e+01 2.673924e+01 1.204917e+02
1.724905e+00 4.954676e+01 7.423265e+01 -2.296099e+01
7.426572e+01 4.404156e+01 7.298712e+01 4.532016e+01
7.576865e+01 7.019124e+01 4.361244e+01 1.023474e+02
1.590198e+02 2.890227e+01 9.492804e+01 9.299402e+01
1.758544e+01 3.578377e+01 8.215180e+01 -2.878259e+01
9.304311e+01 2.890227e+01 8.172731e+01 4.021808e+01
2.054279e+02 2.752598e+01 8.587517e+01 1.470787e+02
4.431629e+01 7.019124e+01 4.320990e+01 7.129762e+01
6.910875e+01 4.266526e+01 7.527030e+01 3.650371e+01
6.258870e+01 8.257793e+01 3.445075e+01 1.107159e+02
2.327656e+01 7.294384e+01 4.136419e+01 5.485620e+01
1.054635e+02 5.780455e+01 5.650348e+01 1.067646e+02
1.523454e+02 7.982533e+01 3.901712e+01 1.931536e+02
6.224226e+01 4.541786e+01 7.070394e+01 3.695618e+01
-8.477626e+00 8.808312e+01 2.350425e+01 5.610125e+01
4.188805e+01 7.294384e+01 4.227108e+01 7.256081e+01
6.918655e+01 5.229935e+01 5.453814e+01 6.694777e+01
1.695482e+01 4.266526e+01 5.555683e+01 4.063251e+00
-6.522338e+00 5.918085e+01 4.176190e+01 1.089661e+01
6.776419e+01 5.229935e+01 4.501585e+01 7.504769e+01
6.382912e+01 6.193345e+01 3.850495e+01 8.725761e+01
-1.845639e+01 5.918085e+01 3.994813e+01 7.763300e-01
6.512754e+00 7.569643e+01 1.703344e+01 6.517575e+01
-6.528148e+00 5.642825e+01 3.907319e+01 1.082692e+01
4.063589e+01 7.019124e+01 2.344552e+01 8.738160e+01
2.946161e+00 6.606234e+01 3.986827e+01 2.914023e+01
2.379229e+01 5.780455e+01 3.679000e+01 4.480684e+01
9.862636e+01 5.642825e+01 4.179384e+01 1.132608e+02
6.084097e+01 6.193345e+01 2.898266e+01 9.379175e+01
5.420896e+01 5.642825e+01 4.451449e+01 6.612272e+01
-3.136249e+00 6.881494e+01 2.708903e+01 3.858966e+01
3.373370e+01 8.395423e+01 1.789540e+01 9.979252e+01
9.870973e+01 5.918085e+01 3.813436e+01 1.197562e+02
2.760901e+01 7.982533e+01 2.882594e+01 7.860841e+01
1.999435e+01 6.468604e+01 2.623006e+01 5.845033e+01
3.380711e+01 5.092306e+01 4.820592e+01 3.652425e+01
4.424044e+01 7.294384e+01 2.165072e+01 9.553356e+01
2.064906e+01 6.606234e+01 3.578729e+01 5.092411e+01
2.580280e+01 4.817046e+01 4.365253e+01 3.032072e+01
2.659682e+01 6.055715e+01 4.355970e+01 4.359427e+01
1.149097e+02 5.092306e+01 5.591444e+01 1.099183e+02
8.912061e+01 5.505195e+01 3.949169e+01 1.046809e+02
4.483482e+01 4.404156e+01 5.508741e+01 3.378897e+01
8.701408e+01 3.440747e+01 5.928020e+01 6.214135e+01
5.510335e+01 4.404156e+01 5.826151e+01 4.088340e+01
8.699212e+01 4.266526e+01 6.145158e+01 6.820580e+01
2.972403e+01 7.156754e+01 2.665455e+01 7.463702e+01
1.432393e+02 2.614968e+01 7.796716e+01 9.142185e+01
1.238631e+02 4.679416e+01 5.414859e+01 1.165087e+02
2.515079e+01 8.257793e+01 1.383039e+01 9.389832e+01
1.249047e+02 6.055715e+01 3.857183e+01 1.468900e+02
7.128157e+01 7.156754e+01 3.617684e+01 1.066723e+02
8.711851e+00 3.303117e+01 6.700469e+01 -2.526167e+01
5.601693e+01 6.606234e+01 3.397352e+01 8.810576e+01
1.637921e+01 6.055715e+01 3.766494e+01 3.927141e+01
1.409193e+01 9.083572e+01 3.707925e+00 1.012197e+02
7.188265e+01 8.808312e+01 1.784749e+01 1.421183e+02
1.450758e+01 2.752598e+01 7.835373e+01 -3.632018e+01
1.079444e+01 5.780455e+01 3.679000e+01 3.180899e+01
9.826710e+01 4.404156e+01 5.780807e+01 8.450059e+01
2.227946e+01 5.367565e+01 4.817398e+01 2.778114e+01
6.501129e+00 5.642825e+01 4.587482e+01 1.705456e+01
