1.276781e+02 1.961597e+02 8.330972e+01 2.405281e+02
1.074938e+01 1.961597e+02 6.612800e+01 1.407811e+02
2.548414e+01 1.961597e+02 5.798694e+01 1.636569e+02
9.133556e+01 1.961597e+02 7.044041e+01 2.170548e+02
1.922308e+01 1.961597e+02 5.298505e+01 1.623977e+02
1.274345e+02 1.961597e+02 6.770387e+01 2.558904e+02
6.080139e+01 1.961597e+02 6.312598e+01 1.938351e+02
1.888705e+02 1.961597e+02 8.036305e+01 3.046672e+02
4.142713e+01 1.961597e+02 3.985908e+01 1.977277e+02
6.155079e+01 1.961597e+02 9.396462e+01 1.637459e+02
1.218744e+02 1.961597e+02 7.048760e+01 2.475465e+02
5.521612e+01 1.961597e+02 6.277495e+01 1.886009e+02
8.378550e+01 1.961597e+02 9.220002e+01 1.877452e+02
1.856015e+01 1.961597e+02 7.600346e+01 1.387164e+02
1.255264e+02 1.961597e+02 7.295426e+01 2.487318e+02
9.229959e+01 1.961597e+02 6.923696e+01 2.192223e+02
1.754181e+01 1.961597e+02 5.131481e+01 1.623867e+02
1.571984e+02 1.961597e+02 7.311279e+01 2.802453e+02
1.051359e+02 1.961597e+02 5.429985e+01 2.469958e+02
8.677841e+01 1.961597e+02 5.220561e+01 2.307325e+02
6.880433e+01 1.961597e+02 5.856508e+01 2.063989e+02
8.386758e+01 1.961597e+02 5.955024e+01 2.204770e+02
1.274263e+02 1.961597e+02 6.786240e+01 2.557236e+02
4.676712e+01 1.961597e+02 3.970495e+01 2.032219e+02
1.062276e+02 1.961597e+02 5.425267e+01 2.481346e+02
5.893177e+01 1.961597e+02 8.514350e+01 1.699480e+02
7.098301e+01 1.961597e+02 6.974337e+01 1.973993e+02
1.043408e+02 1.961597e+02 6.894694e+01 2.315535e+02
9.685809e+01 1.961597e+02 6.364937e+01 2.293684e+02
2.026167e+02 1.961597e+02 7.720376e+01 3.215726e+02
1.448627e+02 1.961597e+02 6.485282e+01 2.761695e+02
6.769353e+01 1.961597e+02 5.402241e+01 2.098308e+02
1.804498e+01 1.961597e+02 5.782085e+01 1.563838e+02
6.021844e+01 1.961597e+02 5.838200e+01 1.979961e+02
6.361531e+01 1.961597e+02 7.731510e+01 1.824599e+02
5.724393e+01 1.961597e+02 5.519566e+01 1.982080e+02
5.889874e+00 1.961597e+02 6.396203e+01 1.380875e+02
6.770041e+01 1.961597e+02 5.570963e+01 2.081505e+02
1.808672e+02 1.961597e+02 7.010321e+01 3.069237e+02
7.333382e+01 1.961597e+02 6.407779e+01 2.054157e+02
9.301720e+01 1.961597e+02 6.058759e+01 2.285893e+02
7.094542e+01 1.961597e+02 6.075870e+01 2.063464e+02
5.896157e+01 1.961597e+02 7.767495e+01 1.774463e+02
3.885249e+01 1.961597e+02 5.455336e+01 1.804588e+02
6.650853e+01 1.961597e+02 6.832163e+01 1.943466e+02
1.891436e+01 1.961597e+02 4.883619e+01 1.662379e+02
5.081647e+01 1.961597e+02 6.810333e+01 1.788728e+02
3.228711e+01 1.961597e+02 6.353802e+01 1.649088e+02
1.423777e+02 1.961597e+02 7.553352e+01 2.630039e+02
2.613474e+01 1.961597e+02 8.572164e+01 1.365728e+02
1.258402e+02 1.961597e+02 6.678854e+01 2.552114e+02
1.080234e+01 1.961597e+02 7.121230e+01 1.357497e+02
5.900058e+01 1.961597e+02 6.297687e+01 1.921834e+02
1.380993e+02 1.961597e+02 7.837701e+01 2.558820e+02
7.494926e+01 1.961597e+02 8.304926e+01 1.880597e+02
1.145036e+02 1.961597e+02 5.760256e+01 2.530608e+02
1.350705e+02 1.961597e+02 8.998687e+01 2.412433e+02
1.118621e+02 1.961597e+02 7.415015e+01 2.338717e+02
8.843343e+01 1.961597e+02 4.888337e+01 2.357098e+02
3.101133e+01 1.961597e+02 6.427469e+01 1.628963e+02
5.884742e+01 1.961597e+02 7.909669e+01 1.759104e+02
1.117447e+02 1.961597e+02 7.788443e+01 2.300200e+02
5.271718e+01 1.961597e+02 6.400921e+01 1.848677e+02
4.748267e+01 1.961597e+02 6.222763e+01 1.814147e+02
5.804682e+01 1.961597e+02 5.175706e+01 2.024495e+02
1.306122e+02 1.961597e+02 6.806496e+01 2.587069e+02
3.174955e+00 1.961597e+02 1.039395e+02 9.539519e+01
8.947545e+01 1.961597e+02 5.519566e+01 2.304395e+02
1.859683e+02 1.961597e+02 7.735348e+01 3.047745e+02
1.023596e+02 1.961597e+02 7.330654e+01 2.252128e+02
9.482935e+01 1.961597e+02 7.317380e+01 2.178152e+02
