9.147588e+01 0.000000e+00 5.355282e+01 3.792305e+01
1.340095e+01 0.000000e+00 4.931850e+01 -3.591754e+01
1.662721e+01 0.000000e+00 4.783434e+01 -3.120713e+01
8.935248e+01 0.000000e+00 4.979288e+01 3.955960e+01
1.843769e+01 1.940552e+01 2.901912e+01 8.824086e+00
7.171442e+01 1.940552e+01 3.100359e+01 6.011635e+01
3.316988e+01 1.940552e+01 3.064208e+01 2.193332e+01
6.487414e+01 0.000000e+00 5.183835e+01 1.303579e+01
6.778955e+01 1.940552e+01 2.635741e+01 6.083766e+01
1.730250e+01 1.940552e+01 3.731237e+01 -6.043525e-01
9.703131e+01 0.000000e+00 5.010252e+01 4.692880e+01
6.468429e+01 1.940552e+01 3.112104e+01 5.296877e+01
9.980378e+01 0.000000e+00 5.438871e+01 4.541507e+01
2.792704e+01 0.000000e+00 5.105433e+01 -2.312729e+01
8.584469e+01 1.940552e+01 3.206827e+01 7.318194e+01
9.684279e+01 0.000000e+00 4.931545e+01 4.752734e+01
5.085128e+01 0.000000e+00 4.671475e+01 4.136533e+00
5.562821e+01 0.000000e+00 5.063486e+01 4.993352e+00
9.793021e+01 0.000000e+00 4.775350e+01 5.017671e+01
7.232897e+01 0.000000e+00 4.699541e+01 2.533356e+01
2.102983e+01 0.000000e+00 4.791824e+01 -2.688841e+01
1.037608e+02 0.000000e+00 4.881818e+01 5.494264e+01
5.764454e+01 0.000000e+00 4.957018e+01 8.074365e+00
2.773836e+01 0.000000e+00 4.472723e+01 -1.698888e+01
5.077478e+01 0.000000e+00 4.744386e+01 3.330924e+00
5.961553e+01 0.000000e+00 5.072402e+01 8.891503e+00
5.949971e+01 0.000000e+00 4.705102e+01 1.244869e+01
6.578887e+01 0.000000e+00 4.738964e+01 1.839923e+01
3.875889e+01 0.000000e+00 4.601531e+01 -7.256428e+00
7.419868e+01 1.940552e+01 3.117969e+01 6.242451e+01
6.540266e+01 0.000000e+00 4.649274e+01 1.890991e+01
1.864627e+01 1.940552e+01 2.652895e+01 1.152285e+01
1.476122e+01 0.000000e+00 4.486674e+01 -3.010552e+01
4.372322e+01 1.940552e+01 2.731297e+01 3.581577e+01
2.757743e+01 0.000000e+00 4.943664e+01 -2.185921e+01
3.423833e+01 0.000000e+00 4.433439e+01 -1.009606e+01
1.052766e+02 0.000000e+00 4.621208e+01 5.906449e+01
8.431169e+01 1.940552e+01 2.647098e+01 7.724623e+01
8.014069e+01 0.000000e+00 4.755743e+01 3.258326e+01
1.447626e+01 1.940552e+01 2.851798e+01 5.363795e+00
4.581496e+01 0.000000e+00 4.632800e+01 -5.130388e-01
1.044557e+02 0.000000e+00 4.559585e+01 5.885982e+01
5.694631e+01 0.000000e+00 4.994305e+01 7.003262e+00
4.291886e+01 1.940552e+01 2.630320e+01 3.602119e+01
9.824127e+01 0.000000e+00 4.699610e+01 5.124516e+01
5.628231e+01 0.000000e+00 4.341156e+01 1.287075e+01
6.099488e+01 0.000000e+00 4.741862e+01 1.357626e+01
-2.086529e+00 1.940552e+01 2.775837e+01 -1.043938e+01
5.204474e+01 0.000000e+00 4.887532e+01 3.169427e+00
4.384799e+01 0.000000e+00 5.080792e+01 -6.959927e+00
5.610967e+01 1.940552e+01 2.868425e+01 4.683095e+01
3.513251e+01 0.000000e+00 4.741557e+01 -1.228306e+01
5.945017e+01 0.000000e+00 4.531214e+01 1.413803e+01
6.399878e+01 0.000000e+00 4.898514e+01 1.501364e+01
8.832573e+01 0.000000e+00 4.996593e+01 3.835980e+01
4.565990e+01 0.000000e+00 4.528925e+01 3.706513e-01
5.903238e+01 0.000000e+00 5.097266e+01 8.059721e+00
7.625882e+01 0.000000e+00 4.814468e+01 2.811414e+01
6.153844e+01 0.000000e+00 4.372121e+01 1.781723e+01
3.652931e+01 0.000000e+00 4.640885e+01 -9.879535e+00
5.875703e+01 0.000000e+00 4.999796e+01 8.759065e+00
4.767063e+01 0.000000e+00 4.853517e+01 -8.645395e-01
4.692670e+01 0.000000e+00 4.652172e+01 4.049751e-01
3.844369e+01 0.000000e+00 4.596040e+01 -7.516712e+00
4.816386e+01 1.940552e+01 2.650301e+01 4.106637e+01
8.629080e+01 0.000000e+00 4.809434e+01 3.819646e+01
-4.171360e+00 1.940552e+01 3.596773e+01 -2.073356e+01
3.456266e+01 0.000000e+00 4.433439e+01 -9.771733e+00
1.086187e+02 0.000000e+00 4.876092e+01 5.985779e+01
6.687840e+01 0.000000e+00 4.817366e+01 1.870474e+01
5.975093e+01 0.000000e+00 4.823010e+01 1.152083e+01
