6.966600e+01 5.352168e+01 2.705558e+01 9.613210e+01
1.184689e+01 6.871919e+01 4.331075e+01 3.725533e+01
4.215863e+01 7.136224e+01 4.528074e+01 6.824012e+01
6.643060e+01 7.004071e+01 4.568992e+01 9.078140e+01
5.108307e+01 6.739767e+01 3.894161e+01 7.953913e+01
5.066984e+01 6.871919e+01 4.305148e+01 7.633755e+01
5.321764e+01 6.607614e+01 3.896619e+01 8.032760e+01
3.519746e+01 6.475462e+01 4.069228e+01 5.925981e+01
5.271945e+01 7.400528e+01 4.506847e+01 8.165625e+01
-1.263706e+01 4.691406e+01 1.999640e+01 1.428060e+01
4.162139e+01 6.739767e+01 4.237382e+01 6.664524e+01
6.028499e+01 6.145081e+01 3.309091e+01 8.864490e+01
5.159665e+01 5.748625e+01 3.352005e+01 7.556285e+01
2.856626e+01 6.607614e+01 4.162920e+01 5.301320e+01
3.646136e+01 6.607614e+01 4.060073e+01 6.193677e+01
9.678132e+01 7.268376e+01 4.881371e+01 1.206514e+02
5.257720e+01 7.268376e+01 4.583307e+01 7.942790e+01
4.295668e+01 6.607614e+01 4.114845e+01 6.788438e+01
6.816054e+01 6.739767e+01 3.968162e+01 9.587658e+01
7.361598e+01 7.136224e+01 4.431924e+01 1.006590e+02
1.179036e+01 7.136224e+01 4.537689e+01 3.777570e+01
5.414191e+01 6.475462e+01 3.723088e+01 8.166566e+01
4.976188e+01 6.871919e+01 4.359920e+01 7.488187e+01
6.036998e+01 7.532680e+01 4.722616e+01 8.847062e+01
5.284443e+01 7.004071e+01 4.299772e+01 7.988742e+01
1.518367e+01 5.748625e+01 2.419830e+01 4.847161e+01
7.324425e+01 7.004071e+01 3.742582e+01 1.058591e+02
6.531723e+01 6.607614e+01 3.230745e+01 9.908592e+01
6.774198e+01 7.136224e+01 3.807429e+01 1.010299e+02
3.820108e+01 5.616472e+01 2.069452e+01 7.367129e+01
4.833512e+01 6.871919e+01 3.495050e+01 8.210381e+01
2.209355e+01 6.739767e+01 3.096596e+01 5.852526e+01
3.180620e+01 7.400528e+01 4.042889e+01 6.538260e+01
2.794426e+01 6.607614e+01 3.002904e+01 6.399137e+01
2.699086e+01 5.880777e+01 2.455833e+01 6.124030e+01
5.441160e+01 7.532680e+01 4.165426e+01 8.808414e+01
3.273492e+01 7.004071e+01 3.646432e+01 6.631131e+01
4.998467e+01 7.004071e+01 3.457051e+01 8.545488e+01
6.179044e+01 6.607614e+01 3.249975e+01 9.536683e+01
1.456805e+01 6.277234e+01 2.682138e+01 5.051900e+01
1.523431e+01 6.475462e+01 2.925523e+01 5.073370e+01
3.148592e+01 7.136224e+01 3.759354e+01 6.525461e+01
5.749919e+00 5.484320e+01 1.963226e+01 4.096086e+01
5.278793e+01 7.004071e+01 3.437821e+01 8.845043e+01
7.583003e+01 6.871919e+01 3.552740e+01 1.090218e+02
4.649342e+01 7.532680e+01 4.059661e+01 8.122362e+01
2.614704e+01 6.475462e+01 3.050518e+01 6.039648e+01
1.961760e+01 6.871919e+01 3.421048e+01 5.412630e+01
4.343018e+01 6.145081e+01 2.758597e+01 7.729502e+01
3.484294e+01 5.748625e+01 2.429445e+01 6.803473e+01
4.393480e+01 6.475462e+01 2.976517e+01 7.892426e+01
4.832398e+01 6.871919e+01 3.600815e+01 8.103502e+01
3.241754e+01 7.664833e+01 4.461033e+01 6.445554e+01
4.113092e+01 6.409386e+01 3.138282e+01 7.384197e+01
5.733566e+01 6.145081e+01 2.883592e+01 8.995055e+01
6.050966e+01 7.004071e+01 3.540667e+01 9.514370e+01
5.224542e+01 6.145081e+01 2.998972e+01 8.370651e+01
8.987914e+01 6.607614e+01 3.317280e+01 1.227825e+02
5.099720e+01 7.268376e+01 3.728052e+01 8.640044e+01
2.396429e+01 6.871919e+01 3.485435e+01 5.782913e+01
2.084552e+01 5.616472e+01 2.153068e+01 5.547956e+01
3.124044e+01 6.739767e+01 3.545582e+01 6.318229e+01
4.911782e+01 6.739767e+01 3.314823e+01 8.336726e+01
2.944321e+01 7.004071e+01 3.617587e+01 6.330805e+01
5.312908e+01 6.475462e+01 2.726527e+01 9.061843e+01
4.404008e+01 5.880777e+01 2.301993e+01 7.982792e+01
7.224267e+00 4.823559e+01 1.516913e+01 4.029072e+01
3.693289e+01 7.532680e+01 4.165426e+01 7.060543e+01
7.634101e+01 6.475462e+01 3.204358e+01 1.090521e+02
3.160518e+01 6.475462e+01 3.137053e+01 6.498927e+01
4.452815e+01 6.409386e+01 3.051747e+01 7.810454e+01
