4.986550e+01 1.307264e+01 3.038549e+01 3.255264e+01
8.330845e+00 1.307264e+01 3.353429e+01 -1.213080e+01
2.564270e+01 1.307264e+01 3.339732e+01 5.318016e+00
4.925127e+01 1.307264e+01 3.457951e+01 2.774440e+01
3.831863e+01 1.307264e+01 3.058845e+01 2.080282e+01
6.619342e+01 1.307264e+01 3.301619e+01 4.624986e+01
4.676920e+01 1.307264e+01 3.146341e+01 2.837843e+01
5.701676e+01 1.307264e+01 3.400856e+01 3.608083e+01
4.320950e+01 1.307264e+01 3.120611e+01 2.507603e+01
6.502619e+00 1.307264e+01 2.871208e+01 -9.136826e+00
4.990661e+01 1.307264e+01 3.364117e+01 2.933807e+01
4.988378e+01 1.307264e+01 2.976372e+01 3.319270e+01
3.749857e+01 1.307264e+01 3.298350e+01 1.758771e+01
7.087828e+00 1.307264e+01 3.390168e+01 -1.374121e+01
3.679692e+01 1.307264e+01 3.276913e+01 1.710043e+01
5.616177e+01 1.307264e+01 3.536422e+01 3.387018e+01
4.684377e+01 1.307264e+01 3.298320e+01 2.693321e+01
3.156381e+01 1.307264e+01 3.351764e+01 1.111880e+01
5.098223e+01 1.307264e+01 3.149058e+01 3.256429e+01
4.000019e+01 1.307264e+01 3.262925e+01 2.044358e+01
1.202040e+01 1.307264e+01 3.347412e+01 -8.381090e+00
4.258248e+01 1.307264e+01 3.124351e+01 2.441161e+01
3.766414e+01 1.307264e+01 3.376471e+01 1.697207e+01
3.373071e+01 1.307264e+01 3.238539e+01 1.441795e+01
3.211282e+01 1.307264e+01 3.242891e+01 1.275655e+01
2.006243e+01 0.000000e+00 1.860514e+01 1.457291e+00
4.191473e+01 0.000000e+00 2.104603e+01 2.086870e+01
3.153406e+01 0.000000e+00 1.952332e+01 1.201074e+01
4.008765e+01 0.000000e+00 2.070872e+01 1.937893e+01
2.401541e+01 0.000000e+00 1.635056e+01 7.664844e+00
3.769575e+01 0.000000e+00 1.992400e+01 1.777175e+01
1.421041e+01 0.000000e+00 1.728539e+01 -3.074975e+00
1.740901e+01 0.000000e+00 2.087898e+01 -3.469971e+00
1.565759e+01 0.000000e+00 1.739228e+01 -1.734681e+00
2.328618e+01 0.000000e+00 1.803741e+01 5.248773e+00
3.246745e+01 0.000000e+00 2.100251e+01 1.146494e+01
1.096072e+01 0.000000e+00 2.027795e+01 -9.317236e+00
2.932051e+01 0.000000e+00 1.845414e+01 1.086637e+01
2.871643e+01 0.000000e+00 1.967693e+01 9.039497e+00
9.340562e+00 0.000000e+00 1.696823e+01 -7.627670e+00
1.004393e+01 0.000000e+00 1.794045e+01 -7.896521e+00
2.304927e+01 0.000000e+00 2.032468e+01 2.724594e+00
1.273731e+01 0.000000e+00 1.666832e+01 -3.931009e+00
2.752461e+01 0.000000e+00 1.830053e+01 9.224083e+00
3.272431e+01 0.000000e+00 2.038484e+01 1.233947e+01
1.858066e+01 0.000000e+00 2.015763e+01 -1.576975e+00
1.537046e+01 0.000000e+00 1.893894e+01 -3.568483e+00
2.066960e+01 0.000000e+00 1.902187e+01 1.647731e+00
2.670850e+01 0.000000e+00 1.874532e+01 7.963185e+00
3.072369e+01 0.000000e+00 1.868195e+01 1.204174e+01
1.902801e+01 0.000000e+00 1.803681e+01 9.911952e-01
4.953355e+00 0.000000e+00 2.076888e+01 -1.581552e+01
2.185717e+01 0.000000e+00 2.250857e+01 -6.513964e-01
3.142894e+01 0.000000e+00 2.006769e+01 1.136125e+01
4.377185e+01 0.000000e+00 1.974381e+01 2.402803e+01
3.782967e+01 0.000000e+00 1.943308e+01 1.839660e+01
3.831589e+01 0.000000e+00 2.066550e+01 1.765039e+01
5.023606e+01 0.000000e+00 2.021458e+01 3.002148e+01
2.785370e+01 0.000000e+00 1.921930e+01 8.634397e+00
1.755213e+01 0.000000e+00 1.984719e+01 -2.295059e+00
1.649530e+01 0.000000e+00 1.732950e+01 -8.342001e-01
1.074784e+01 0.000000e+00 2.118299e+01 -1.043515e+01
2.514734e+01 0.000000e+00 1.933962e+01 5.807720e+00
1.599284e+01 0.000000e+00 2.004753e+01 -4.054696e+00
2.727214e+01 0.000000e+00 1.603983e+01 1.123231e+01
3.287603e+01 0.000000e+00 1.680850e+01 1.606754e+01
7.853976e-01 0.000000e+00 1.706870e+01 -1.628330e+01
2.101221e+01 0.000000e+00 2.100251e+01 9.695657e-03
5.489635e+01 0.000000e+00 2.016786e+01 3.472850e+01
2.687200e+01 0.000000e+00 1.963021e+01 7.241791e+00
1.990799e+01 0.000000e+00 1.937642e+01 5.315660e-01
