3.608600e+01 3.304137e+01 1.790832e+00 6.733653e+01
1.400677e+01 2.530828e+01 -6.700268e+00 4.601532e+01
9.362204e+00 3.022934e+01 -1.911042e+00 4.150258e+01
-4.649390e+01 1.757520e+01 -1.449927e+01 -1.441943e+01
-7.552043e+00 3.655641e+01 8.274331e+00 2.073003e+01
-1.975828e+01 1.616918e+01 -1.217881e+01 8.589712e+00
2.233840e+01 2.671430e+01 -1.501865e+00 5.055456e+01
-1.295472e+01 1.546617e+01 -1.634463e+01 1.885609e+01
2.306083e+01 4.007145e+01 1.145980e+01 5.167247e+01
-2.137379e+01 2.530828e+01 -1.952123e+00 5.886614e+00
4.577343e+00 2.249625e+01 -9.446385e+00 3.651998e+01
6.052230e+01 3.585340e+01 7.867937e+00 8.850776e+01
1.152206e+01 1.476316e+01 -1.668511e+01 4.297034e+01
-1.007503e+01 1.827820e+01 -1.359852e+01 2.180169e+01
1.525388e+00 1.476316e+01 -1.345300e+01 2.974155e+01
-2.576441e+01 1.406016e+01 -1.814614e+01 6.441878e+00
-1.762648e+01 3.585340e+01 3.647107e+00 1.457981e+01
2.000487e+01 2.179324e+01 -1.008348e+01 5.188159e+01
-2.222195e+01 4.218047e+01 1.023783e+01 9.720686e+00
-3.638726e+00 3.725941e+01 5.119037e+00 2.850165e+01
-3.104866e+01 2.952633e+01 -2.614049e+00 1.091718e+00
2.592531e+01 4.077445e+01 8.963647e+00 5.773612e+01
-1.846617e+01 2.319926e+01 -8.809291e+00 1.354238e+01
-3.394365e+01 4.499250e+01 1.265438e+01 -1.605529e+00
-3.400637e-01 3.725941e+01 5.184951e+00 3.173440e+01
-1.034442e+01 2.671430e+01 -3.256014e+00 1.962589e+01
-3.223451e+01 2.179324e+01 -8.803254e+00 -1.638012e+00
-3.439735e+01 3.022934e+01 -1.694175e-01 -3.998597e+00
1.948392e+01 2.671430e+01 -3.948114e+00 5.014633e+01
-4.552503e+00 3.163535e+01 5.391514e+00 2.169133e+01
-1.836846e+01 3.022934e+01 -3.012460e-01 1.216212e+01
1.010669e+01 3.866543e+01 1.186132e+01 3.691080e+01
6.384221e+00 2.882332e+01 -1.970919e+00 3.717846e+01
-1.261248e+01 3.585340e+01 9.115204e+00 1.412571e+01
4.067156e+01 3.374438e+01 3.708150e+00 7.070779e+01
1.551430e+01 2.952633e+01 -1.333825e+00 4.637445e+01
8.235522e+01 2.882332e+01 -1.773176e+00 1.129517e+02
2.511888e+00 3.163535e+01 4.699415e+00 2.944783e+01
-1.209328e+01 2.882332e+01 -1.575433e+00 1.830547e+01
4.689991e+01 3.515039e+01 8.576982e+00 7.347332e+01
3.846985e-01 4.288348e+01 1.255064e+01 3.071754e+01
4.043248e+00 3.022934e+01 -4.330745e-01 3.470566e+01
-1.740431e+00 4.077445e+01 1.093597e+01 2.809805e+01
-1.697022e+01 3.304137e+01 6.105430e+00 9.965717e+00
1.067718e+01 2.601129e+01 -4.519293e+00 4.120776e+01
6.491988e+00 3.725941e+01 6.399261e+00 3.735214e+01
2.959181e+01 3.374438e+01 3.411536e+00 5.992465e+01
-5.608670e+01 2.460527e+01 -2.264749e+00 -2.921668e+01
1.131710e+00 3.093234e+01 7.642903e-01 3.129976e+01
-6.299886e+00 2.601129e+01 -3.959022e+00 2.367042e+01
3.259304e+01 2.812031e+01 1.448033e+00 5.926532e+01
-3.759955e+01 2.249625e+01 -8.034332e+00 -7.068970e+00
-7.139306e+00 1.757520e+01 -1.335087e+01 2.378676e+01
-1.384274e+01 2.249625e+01 -7.803632e+00 1.645714e+01
-3.920847e+01 2.179324e+01 -8.374811e+00 -9.040412e+00
6.084529e+00 3.655641e+01 5.959910e+00 3.668103e+01
-4.669153e+01 1.335715e+01 -1.681091e+01 -1.652348e+01
8.099457e+00 2.390227e+01 -6.496488e+00 3.849821e+01
1.329784e+01 4.218047e+01 1.145214e+01 4.402617e+01
-1.283772e+01 3.093234e+01 4.017618e-01 1.769287e+01
-1.257201e+01 3.655641e+01 6.652010e+00 1.733238e+01
4.017350e-01 1.687219e+01 -1.359248e+01 3.086640e+01
2.627187e+00 3.374438e+01 3.279707e+00 3.309185e+01
4.834628e+01 3.093234e+01 3.358476e-01 7.894278e+01
8.314047e+01 4.639852e+01 1.972624e+01 1.098128e+02
9.739465e+01 4.499250e+01 1.495628e+01 1.274309e+02
-6.040527e+01 1.406016e+01 -1.178820e+01 -3.455691e+01
2.437804e+00 2.952633e+01 -1.333825e+00 3.329796e+01
-8.185152e+00 2.249625e+01 -7.836589e+00 2.214769e+01
3.417284e+01 2.741730e+01 -2.915534e+00 6.450568e+01
-1.651276e+01 2.882332e+01 -1.476562e+00 1.378712e+01
