2.128435e+02 0.000000e+00 1.032820e+02 1.095616e+02
3.728724e+01 0.000000e+00 9.473371e+01 -5.744647e+01
7.709590e+01 0.000000e+00 9.758539e+01 -2.048948e+01
1.524044e+02 0.000000e+00 8.910183e+01 6.330262e+01
2.198976e+01 5.208570e+01 5.071359e+01 2.336186e+01
1.222621e+02 5.208570e+01 3.632040e+01 1.380274e+02
6.734219e+01 5.208570e+01 4.417700e+01 7.525089e+01
4.468625e+01 0.000000e+00 8.875262e+01 -4.406636e+01
1.426295e+02 5.208570e+01 5.175854e+01 1.429567e+02
2.669900e+01 5.208570e+01 4.723091e+01 3.155379e+01
2.040168e+02 0.000000e+00 9.306451e+01 1.109523e+02
4.264320e+01 5.208570e+01 5.147673e+01 4.325216e+01
2.041621e+02 0.000000e+00 8.979351e+01 1.143686e+02
7.312624e+01 0.000000e+00 9.042182e+01 -1.729558e+01
2.078417e+02 5.208570e+01 3.590243e+01 2.240249e+02
2.151362e+02 0.000000e+00 8.611263e+01 1.290236e+02
1.110183e+02 0.000000e+00 1.012015e+02 9.816716e+00
7.216183e+01 0.000000e+00 9.285552e+01 -2.069369e+01
1.419243e+02 0.000000e+00 1.066932e+02 3.523109e+01
2.014212e+02 0.000000e+00 1.024528e+02 9.896843e+01
4.696720e+01 0.000000e+00 9.709865e+01 -5.013145e+01
1.840751e+02 0.000000e+00 1.062752e+02 7.779987e+01
8.789633e+01 0.000000e+00 9.327349e+01 -5.377163e+00
1.251730e+02 0.000000e+00 1.069737e+02 1.819936e+01
5.428176e+01 0.000000e+00 1.027305e+02 -4.844876e+01
1.373231e+02 0.000000e+00 9.977064e+01 3.755242e+01
1.568929e+02 0.000000e+00 9.372483e+01 6.316802e+01
2.523844e+02 0.000000e+00 1.003990e+02 1.519854e+02
7.005084e+01 0.000000e+00 9.685425e+01 -2.680341e+01
1.303848e+02 5.208570e+01 5.136987e+01 1.311006e+02
1.810468e+02 0.000000e+00 9.984345e+01 8.120333e+01
2.326863e+01 5.208570e+01 5.387638e+01 2.147795e+01
2.514139e+01 0.000000e+00 9.775897e+01 -7.261757e+01
1.154101e+02 5.208570e+01 5.220717e+01 1.152886e+02
5.924270e+01 0.000000e+00 1.043603e+02 -4.511758e+01
-1.162778e+01 0.000000e+00 9.796796e+01 -1.095957e+02
2.494462e+02 0.000000e+00 9.859222e+01 1.508540e+02
1.053165e+02 5.208570e+01 4.845348e+01 1.089487e+02
1.376313e+02 0.000000e+00 9.942547e+01 3.820584e+01
1.822563e+01 5.208570e+01 5.241481e+01 1.789652e+01
6.644819e+01 0.000000e+00 1.094380e+02 -4.298982e+01
2.478587e+02 0.000000e+00 9.928795e+01 1.485708e+02
1.038622e+02 0.000000e+00 1.100609e+02 -6.198697e+00
8.920117e+01 5.208570e+01 4.942696e+01 9.185991e+01
1.034305e+02 0.000000e+00 9.692302e+01 6.507473e+00
1.090606e+02 0.000000e+00 1.033221e+02 5.738496e+00
1.807854e+02 0.000000e+00 1.031104e+02 7.767498e+01
3.040884e+01 5.208570e+01 4.386384e+01 3.863070e+01
6.190509e+01 0.000000e+00 1.018578e+02 -3.995273e+01
6.717122e+01 0.000000e+00 9.928390e+01 -3.211268e+01
7.619551e+01 5.208570e+01 4.713079e+01 8.115042e+01
1.771105e+01 0.000000e+00 9.448932e+01 -7.677827e+01
6.652937e+01 0.000000e+00 8.941564e+01 -2.288627e+01
1.807333e+02 0.000000e+00 9.546145e+01 8.527189e+01
1.157531e+02 0.000000e+00 9.553021e+01 2.022289e+01
8.521381e+01 0.000000e+00 1.039464e+02 -1.873254e+01
7.635409e+01 0.000000e+00 8.968934e+01 -1.333525e+01
1.553834e+02 0.000000e+00 9.601830e+01 5.936506e+01
2.802006e+02 0.000000e+00 1.072848e+02 1.729159e+02
6.617492e+01 0.000000e+00 1.003302e+02 -3.415527e+01
7.091562e+01 0.000000e+00 1.068627e+02 -3.594712e+01
9.495294e+01 0.000000e+00 9.087316e+01 4.079786e+00
1.099182e+02 0.000000e+00 1.025549e+02 7.363330e+00
9.079221e+01 0.000000e+00 1.000524e+02 -9.260233e+00
1.264824e+02 5.208570e+01 5.978601e+01 1.187821e+02
1.975775e+02 0.000000e+00 1.121481e+02 8.542938e+01
-8.027695e+00 5.208570e+01 4.086789e+01 3.190112e+00
9.399685e+01 0.000000e+00 9.796796e+01 -3.971108e+00
1.000569e+02 0.000000e+00 9.532257e+01 4.734290e+00
9.097015e+01 0.000000e+00 9.872975e+01 -7.759601e+00
1.392880e+02 0.000000e+00 9.984210e+01 3.944594e+01
