6.684632e+00 1.635362e+01 1.635362e+01 6.684632e+00
1.738305e+01 1.635362e+01 1.635362e+01 1.738305e+01
4.000855e+01 1.635362e+01 1.635362e+01 4.000855e+01
-1.548176e+01 1.635362e+01 1.635362e+01 -1.548176e+01
1.223270e+01 1.635362e+01 1.635362e+01 1.223270e+01
1.987760e+01 1.635362e+01 1.635362e+01 1.987760e+01
2.704250e+01 1.635362e+01 1.635362e+01 2.704250e+01
2.251028e+01 1.635362e+01 1.635362e+01 2.251028e+01
2.376642e+01 1.635362e+01 1.635362e+01 2.376642e+01
1.504270e+01 1.635362e+01 1.635362e+01 1.504270e+01
3.263140e+01 1.635362e+01 1.635362e+01 3.263140e+01
2.298165e+01 1.635362e+01 1.635362e+01 2.298165e+01
9.347715e+00 1.635362e+01 1.635362e+01 9.347715e+00
-1.141453e+01 1.635362e+01 1.635362e+01 -1.141453e+01
3.641090e+01 1.635362e+01 1.635362e+01 3.641090e+01
2.896525e+01 1.635362e+01 1.635362e+01 2.896525e+01
1.433197e+01 1.635362e+01 1.635362e+01 1.433197e+01
1.617999e+00 1.635362e+01 1.635362e+01 1.617999e+00
2.616693e+01 1.635362e+01 1.635362e+01 2.616693e+01
2.638932e+01 1.635362e+01 1.635362e+01 2.638932e+01
3.126965e+01 1.635362e+01 1.635362e+01 3.126965e+01
-8.472579e+00 1.635362e+01 1.635362e+01 -8.472579e+00
2.387077e+01 1.635362e+01 1.635362e+01 2.387077e+01
5.465869e+00 1.635362e+01 1.635362e+01 5.465869e+00
1.764296e+01 1.635362e+01 1.635362e+01 1.764296e+01
