1.872554e+01 3.778164e+01 3.778164e+01 1.872554e+01
5.101325e+01 3.778164e+01 3.778164e+01 5.101325e+01
6.844083e+01 3.778164e+01 3.778164e+01 6.844083e+01
8.386368e+01 3.778164e+01 3.778164e+01 8.386368e+01
4.791406e+01 3.778164e+01 3.778164e+01 4.791406e+01
4.114511e+01 3.778164e+01 3.778164e+01 4.114511e+01
1.555852e+01 3.778164e+01 3.778164e+01 1.555852e+01
5.751140e+00 3.778164e+01 3.778164e+01 5.751140e+00
4.460633e+01 3.778164e+01 3.778164e+01 4.460633e+01
3.331523e+01 3.778164e+01 3.778164e+01 3.331523e+01
2.936382e+01 3.778164e+01 3.778164e+01 2.936382e+01
2.891838e+01 3.778164e+01 3.778164e+01 2.891838e+01
5.233807e+01 3.778164e+01 3.778164e+01 5.233807e+01
6.734915e+01 3.778164e+01 3.778164e+01 6.734915e+01
1.745272e+01 3.778164e+01 3.778164e+01 1.745272e+01
2.425469e+01 3.778164e+01 3.778164e+01 2.425469e+01
2.355251e+01 3.778164e+01 3.778164e+01 2.355251e+01
1.207797e+01 3.778164e+01 3.778164e+01 1.207797e+01
5.283177e+01 3.778164e+01 3.778164e+01 5.283177e+01
4.910711e+01 3.778164e+01 3.778164e+01 4.910711e+01
3.621986e+01 3.778164e+01 3.778164e+01 3.621986e+01
3.443588e+01 3.778164e+01 3.778164e+01 3.443588e+01
5.590463e+01 3.778164e+01 3.778164e+01 5.590463e+01
