-6.668095e-01 8.680053e+01 -1.795002e+01 1.040837e+02
-7.831628e-01 1.114476e+02 7.861805e+00 1.028026e+02
-8.103634e+00 1.157340e+02 1.140704e+01 9.622336e+01
1.200066e+00 1.135908e+02 1.116979e+01 1.036211e+02
-4.110815e+00 1.093044e+02 3.256926e+00 1.019366e+02
2.478876e+01 1.114476e+02 8.470881e+00 1.277655e+02
5.601368e+00 1.071611e+02 2.596126e+00 1.101664e+02
3.708458e+01 1.050179e+02 2.914558e+00 1.391879e+02
3.486468e+01 1.200205e+02 1.344360e+01 1.414416e+02
-4.345991e+01 7.608441e+01 -2.826883e+01 6.089333e+01
2.419371e+01 1.093044e+02 6.142131e+00 1.273559e+02
-9.746804e+00 9.965986e+01 -6.281689e+00 9.619475e+01
-3.225757e+01 9.323020e+01 -8.767280e+00 6.973990e+01
-8.340433e+00 1.071611e+02 4.634232e+00 9.418648e+01
-1.730498e+01 1.071611e+02 4.396210e+00 8.545996e+01
1.557304e+01 1.178773e+02 1.598567e+01 1.174646e+02
2.075677e+01 1.178773e+02 1.270316e+01 1.259309e+02
8.759125e+00 1.071611e+02 4.104796e+00 1.118155e+02
3.934157e+00 1.093044e+02 3.177286e+00 1.100612e+02
1.851656e+01 1.157340e+02 1.034817e+01 1.239024e+02
-6.803280e+00 1.157340e+02 1.151293e+01 9.741783e+01
-1.942436e+00 1.050179e+02 -8.973848e-01 1.039729e+02
1.194330e+01 1.114476e+02 8.179467e+00 1.152114e+02
1.478812e+01 1.221637e+02 1.561307e+01 1.213387e+02
-4.197449e+00 1.135908e+02 8.204943e+00 1.011884e+02
