3.624726e+01 0.000000e+00 2.312652e+01 1.312074e+01
2.789327e+00 0.000000e+00 1.732856e+01 -1.453923e+01
1.984115e+01 0.000000e+00 1.731402e+01 2.527129e+00
3.204149e+01 0.000000e+00 1.570454e+01 1.633695e+01
5.096724e+01 2.443740e+01 4.394747e+01 3.145716e+01
7.859460e+01 2.443740e+01 4.031646e+01 6.271554e+01
6.188126e+01 2.443740e+01 4.278399e+01 4.353467e+01
2.717871e+01 0.000000e+00 1.696011e+01 1.021859e+01
3.760090e+01 2.443740e+01 4.251738e+01 1.952092e+01
1.404619e+01 2.443740e+01 4.832501e+01 -9.841419e+00
3.776672e+01 0.000000e+00 1.728008e+01 2.048664e+01
6.050310e+01 2.443740e+01 4.562481e+01 3.931569e+01
2.685500e+01 0.000000e+00 1.903497e+01 7.820029e+00
-1.153546e+00 0.000000e+00 1.700860e+01 -1.816214e+01
3.495984e+01 2.443740e+01 4.088849e+01 1.850875e+01
2.621847e+01 0.000000e+00 1.435200e+01 1.186646e+01
2.928317e+01 0.000000e+00 1.780850e+01 1.147467e+01
2.859148e+01 0.000000e+00 1.756610e+01 1.102538e+01
3.354492e+01 0.000000e+00 2.040208e+01 1.314284e+01
2.022306e+01 0.000000e+00 1.842902e+01 1.794039e+00
2.392109e+00 0.000000e+00 1.720252e+01 -1.481041e+01
2.317909e+01 0.000000e+00 2.097411e+01 2.204980e+00
3.101012e+01 0.000000e+00 1.699406e+01 1.401606e+01
2.696574e+01 0.000000e+00 1.846296e+01 8.502777e+00
1.487503e+01 0.000000e+00 1.882654e+01 -3.951512e+00
