5.394680e+01 3.533552e+01 3.245217e+01 5.683015e+01
1.757060e+01 2.706550e+01 3.032514e+01 1.431096e+01
2.183091e+01 3.232824e+01 2.325422e+01 3.090493e+01
6.130737e+01 1.879549e+01 3.769107e+01 4.241179e+01
8.398119e+00 3.909462e+01 2.163090e+01 2.586184e+01
8.773645e+01 1.729185e+01 4.252957e+01 6.249873e+01
3.612034e+01 2.856914e+01 3.306046e+01 3.162902e+01
5.295241e+01 1.654003e+01 4.356289e+01 2.592955e+01
2.724629e+01 4.285371e+01 1.335134e+01 5.674866e+01
2.885852e+01 2.706550e+01 4.767342e+01 8.250607e+00
3.600422e+01 2.405822e+01 3.423651e+01 2.582593e+01
4.273227e+01 3.834280e+01 2.645112e+01 5.462394e+01
8.859612e+01 1.578821e+01 4.928721e+01 5.509713e+01
8.213968e+00 1.954731e+01 3.965152e+01 -1.189024e+01
7.141375e+01 1.578821e+01 4.584139e+01 4.136057e+01
6.348982e+01 1.503639e+01 3.964198e+01 3.888423e+01
2.141590e+01 3.834280e+01 1.633558e+01 4.342312e+01
3.497754e+01 2.330641e+01 3.589242e+01 2.239153e+01
3.219113e+01 4.510917e+01 1.318556e+01 6.411473e+01
3.672888e+01 3.984644e+01 1.573603e+01 6.083928e+01
1.151825e+01 3.157642e+01 2.400604e+01 1.908863e+01
3.314427e+01 4.360553e+01 1.649739e+01 6.025241e+01
3.661957e+01 2.481004e+01 3.258060e+01 2.884901e+01
5.746199e+00 4.811645e+01 4.753740e+00 4.910891e+01
2.533584e+01 3.984644e+01 1.664012e+01 4.854216e+01
