7.312494e+01 9.462351e+01 5.799883e+01 1.097496e+02
-1.211478e+01 7.247758e+01 4.507818e+01 1.528462e+01
5.472776e+01 8.657044e+01 6.077543e+01 8.052277e+01
7.211186e+01 5.033165e+01 2.373445e+01 9.870907e+01
1.851281e+02 1.046898e+02 1.126691e+02 1.771488e+02
8.028403e+01 4.630512e+01 5.508661e+01 7.150253e+01
1.123331e+02 7.650411e+01 8.368121e+01 1.051560e+02
3.101402e+01 4.429185e+01 1.448586e+01 6.082002e+01
1.207331e+02 1.147562e+02 1.267465e+02 1.087428e+02
2.518640e+01 7.247758e+01 6.802281e+01 2.964117e+01
2.181764e+02 6.442451e+01 3.622291e+01 2.463780e+02
1.088060e+02 1.026766e+02 1.070460e+02 1.044366e+02
1.056953e+01 4.227859e+01 8.060502e+00 4.478762e+01
-2.981787e+01 5.234492e+01 2.334112e+01 -8.140696e-01
-2.912940e+00 4.227859e+01 4.945569e+01 -1.009004e+01
5.670060e+01 4.026532e+01 1.527251e+01 8.169341e+01
8.116679e+01 1.026766e+02 7.768376e+01 1.061596e+02
4.240603e+01 6.241125e+01 3.340745e+01 7.140983e+01
7.276747e+01 1.207960e+02 9.259436e+01 1.009691e+02
6.436266e+01 1.067031e+02 8.090809e+01 9.015766e+01
2.969487e+01 8.455718e+01 5.876217e+01 5.548987e+01
9.454973e+01 1.167694e+02 8.696344e+01 1.243557e+02
2.473644e+01 6.643778e+01 3.903838e+01 5.213584e+01
1.384768e+02 1.288490e+02 1.054606e+02 1.618652e+02
6.264943e+01 1.067031e+02 8.010590e+01 8.924663e+01
