-8.943035e+00 1.249176e+02 -1.720990e+01 1.331845e+02
1.538161e+01 1.249176e+02 1.546034e+01 1.248389e+02
-4.605281e+01 1.249176e+02 2.037822e+01 5.848660e+01
-9.625711e-01 1.249176e+02 1.916201e+01 1.047931e+02
-5.564118e+00 1.249176e+02 1.031177e+01 1.090418e+02
5.720009e+01 1.249176e+02 1.555614e+01 1.665616e+02
9.871910e+00 1.249176e+02 8.752735e+00 1.260368e+02
1.814282e+01 1.249176e+02 8.383478e+00 1.346770e+02
6.412833e+01 1.249176e+02 2.367780e+01 1.653682e+02
-3.954636e+01 1.249176e+02 -3.108006e+01 1.164513e+02
3.919682e+01 1.249176e+02 1.304425e+01 1.510702e+02
2.480690e+00 1.249176e+02 -2.017622e+00 1.294160e+02
-4.124797e+01 1.249176e+02 -6.704827e+00 9.037450e+01
-1.985423e+01 1.249176e+02 1.079957e+01 9.426385e+01
-6.611806e+01 1.249176e+02 1.020972e+01 4.858986e+01
2.887657e+01 1.249176e+02 2.510835e+01 1.286859e+02
2.630824e+01 1.249176e+02 2.245149e+01 1.287744e+02
8.585624e-01 1.249176e+02 1.037104e+01 1.154052e+02
8.159777e+00 1.249176e+02 1.064450e+01 1.224329e+02
3.645785e+01 1.249176e+02 1.952117e+01 1.418543e+02
1.423706e+00 1.249176e+02 2.046393e+01 1.058774e+02
5.480893e-01 1.249176e+02 5.298089e+00 1.201676e+02
1.626717e+01 1.249176e+02 1.571745e+01 1.254674e+02
2.457402e+01 1.249176e+02 2.685514e+01 1.226365e+02
-8.628263e+00 1.249176e+02 1.676226e+01 9.952712e+01
