7.452756e+01 1.511328e+02 5.292569e+01 1.727347e+02
7.606704e+00 1.511328e+02 2.779576e+01 1.309438e+02
8.845226e+00 1.511328e+02 2.241634e+01 1.375617e+02
4.449846e+01 1.511328e+02 2.674752e+01 1.688838e+02
2.032102e+01 1.511328e+02 2.504480e+01 1.464090e+02
5.466220e+01 1.511328e+02 2.603424e+01 1.797608e+02
3.935073e+01 1.511328e+02 2.892316e+01 1.615604e+02
4.817024e+01 1.511328e+02 3.626111e+01 1.630419e+02
2.953888e+01 1.511328e+02 1.301131e+01 1.676604e+02
1.126672e+01 1.511328e+02 6.240523e+01 9.999431e+01
5.510319e+01 1.511328e+02 3.054208e+01 1.756939e+02
6.290816e+01 1.511328e+02 3.547873e+01 1.785622e+02
6.691407e+01 1.511328e+02 4.898853e+01 1.690583e+02
1.648931e+01 1.511328e+02 3.351480e+01 1.341073e+02
5.242964e+01 1.511328e+02 3.084763e+01 1.727148e+02
4.541406e+01 1.511328e+02 2.272655e+01 1.738203e+02
2.359253e+01 1.511328e+02 1.921721e+01 1.555081e+02
4.316191e+01 1.511328e+02 3.294877e+01 1.613459e+02
5.763165e+01 1.511328e+02 2.737235e+01 1.813921e+02
3.463552e+01 1.511328e+02 2.128430e+01 1.644840e+02
4.533426e+00 1.511328e+02 2.252955e+01 1.331367e+02
5.515332e+01 1.511328e+02 3.218575e+01 1.741004e+02
3.776072e+01 1.511328e+02 2.813538e+01 1.607582e+02
1.334600e+01 1.511328e+02 1.315857e+01 1.513202e+02
2.850097e+01 1.511328e+02 2.357779e+01 1.560560e+02
