-2.942508e+00 9.672589e+01 -1.497803e+01 1.087614e+02
1.293000e+01 9.672589e+01 6.589451e+00 1.030664e+02
-2.054794e+01 9.672589e+01 1.094251e+01 6.523544e+01
-2.836773e+00 9.672589e+01 7.786310e+00 8.610281e+01
-4.067081e+00 9.672589e+01 6.419030e+00 8.623978e+01
2.606684e+01 9.672589e+01 6.399745e+00 1.163930e+02
1.538214e+00 9.672589e+01 3.533081e+00 9.473102e+01
3.332776e+01 9.672589e+01 -1.766154e-01 1.302303e+02
5.021597e+01 9.672589e+01 1.645714e+01 1.304847e+02
-3.094151e+01 9.672589e+01 -2.473290e+01 9.051727e+01
1.968055e+01 9.672589e+01 4.379138e+00 1.120273e+02
-5.894301e+00 9.672589e+01 -2.378798e+00 9.321039e+01
-3.731766e+01 9.672589e+01 -1.091450e+01 7.032273e+01
-7.683807e+00 9.672589e+01 2.033698e+00 8.700839e+01
-2.493948e+01 9.672589e+01 2.384501e+00 6.940191e+01
1.543733e+01 9.672589e+01 1.132861e+01 1.008346e+02
2.329187e+01 9.672589e+01 1.342308e+01 1.065947e+02
3.199652e+00 9.672589e+01 2.371515e+00 9.755403e+01
6.117649e+00 9.672589e+01 6.270917e+00 9.657262e+01
1.958053e+01 9.672589e+01 1.161815e+01 1.046883e+02
-3.354776e+00 9.672589e+01 1.087495e+01 8.249617e+01
-4.459631e-01 9.672589e+01 2.255673e+00 9.402425e+01
1.303345e+01 9.672589e+01 6.386760e+00 1.033726e+02
1.731356e+01 9.672589e+01 1.818152e+01 9.585793e+01
-2.368839e+00 9.672589e+01 9.678090e+00 8.467896e+01
