3.114490e+01 4.492076e+01 2.913510e+01 4.693055e+01
1.202722e+01 3.440739e+01 3.028151e+01 1.615310e+01
4.163370e+01 4.109772e+01 2.196214e+01 6.076927e+01
9.420647e+01 2.389402e+01 3.998036e+01 7.812013e+01
-1.422953e+00 4.969957e+01 1.420020e+01 3.407641e+01
7.624919e+01 2.198250e+01 4.110275e+01 5.712894e+01
1.398155e+01 3.631891e+01 2.839538e+01 2.190509e+01
4.501295e+01 2.102674e+01 4.610572e+01 1.993397e+01
4.587845e+01 5.447837e+01 5.348806e+00 9.500801e+01
3.452969e+01 3.440739e+01 4.211742e+01 2.681966e+01
1.968333e+01 3.058435e+01 3.491907e+01 1.534861e+01
3.984441e+01 4.874381e+01 1.882130e+01 6.976692e+01
1.331887e+02 2.007098e+01 5.154133e+01 1.017183e+02
1.733981e+01 2.484978e+01 4.146815e+01 7.214398e-01
9.108109e+01 2.007098e+01 4.464331e+01 6.650875e+01
7.330451e+01 1.911522e+01 4.313012e+01 4.928961e+01
3.645537e+00 4.874381e+01 1.350154e+01 3.888781e+01
1.791180e+01 2.962859e+01 3.668935e+01 1.085104e+01
1.968754e+01 5.734565e+01 8.157764e+00 6.887543e+01
1.403610e+02 5.065533e+01 1.240453e+01 1.786118e+02
2.053792e+01 4.014196e+01 2.291790e+01 3.776197e+01
1.725769e+01 5.543413e+01 1.169832e+01 6.099350e+01
4.761450e+01 3.154011e+01 3.314879e+01 4.600582e+01
1.155873e+01 6.116870e+01 -5.523928e-01 7.327982e+01
2.310382e+01 5.065533e+01 1.321905e+01 6.054010e+01
