3.217598e+01 0.000000e+00 1.775264e+01 1.442334e+01
-3.378147e+00 0.000000e+00 1.662981e+01 -2.000796e+01
3.498918e+01 0.000000e+00 1.754002e+01 1.744916e+01
2.793036e+01 0.000000e+00 1.528649e+01 1.264387e+01
6.401429e+01 4.318134e+01 6.177462e+01 4.542101e+01
1.687830e+02 4.318134e+01 5.819877e+01 1.537656e+02
5.104956e+01 4.318134e+01 6.001721e+01 3.421369e+01
-6.406028e-01 0.000000e+00 1.483040e+01 -1.547101e+01
3.795839e+01 4.318134e+01 6.249976e+01 1.863996e+01
4.850480e+01 4.318134e+01 5.946465e+01 3.222148e+01
4.564437e+01 0.000000e+00 1.611270e+01 2.953167e+01
6.494871e+01 4.318134e+01 6.155609e+01 4.657395e+01
9.775797e+00 0.000000e+00 1.459088e+01 -4.815080e+00
-2.313772e+00 0.000000e+00 1.534752e+01 -1.766129e+01
6.238302e+01 4.318134e+01 5.790871e+01 4.765564e+01
4.747118e+01 0.000000e+00 1.470835e+01 3.276283e+01
3.913433e+01 0.000000e+00 1.855325e+01 2.058108e+01
1.229480e+01 0.000000e+00 1.596767e+01 -3.672866e+00
3.732089e+01 0.000000e+00 1.958552e+01 1.773538e+01
2.738114e+01 0.000000e+00 1.878031e+01 8.600829e+00
-1.825784e+01 0.000000e+00 1.741599e+01 -3.567383e+01
2.182169e+01 0.000000e+00 1.929546e+01 2.526228e+00
1.651482e+01 0.000000e+00 1.625773e+01 2.570901e-01
2.455148e+01 0.000000e+00 2.020763e+01 4.343849e+00
-8.776213e-01 0.000000e+00 1.875931e+01 -1.963693e+01
