1.114124e+02 0.000000e+00 7.377940e+01 3.763297e+01
-1.361947e+01 0.000000e+00 5.147154e+01 -6.509101e+01
1.100233e+01 0.000000e+00 4.789988e+01 -3.689754e+01
1.018174e+02 0.000000e+00 4.918471e+01 5.263271e+01
-4.464327e+00 5.238755e+01 1.543586e+00 4.637963e+01
-4.593504e+00 5.238755e+01 -1.365172e+00 4.915921e+01
2.630575e+01 5.238755e+01 2.966629e+00 7.572667e+01
1.644186e+00 0.000000e+00 5.670812e+01 -5.506393e+01
1.431176e+02 5.238755e+01 -7.817477e+00 2.033226e+02
5.967749e+01 5.238755e+01 3.054561e+01 8.151943e+01
1.207632e+02 0.000000e+00 5.324010e+01 6.752310e+01
-2.517391e+01 5.238755e+01 1.008947e+01 1.712416e+01
1.506369e+02 0.000000e+00 6.716077e+01 8.347614e+01
1.657576e+01 0.000000e+00 5.493956e+01 -3.836380e+01
9.385656e+00 5.238755e+01 2.379253e+00 5.939395e+01
1.938684e+02 0.000000e+00 4.519843e+01 1.486700e+02
2.382040e+01 0.000000e+00 4.626952e+01 -2.244912e+01
3.546798e+01 0.000000e+00 5.511231e+01 -1.964433e+01
1.846577e+02 0.000000e+00 5.420754e+01 1.304502e+02
1.151203e+02 0.000000e+00 4.824539e+01 6.687491e+01
3.309457e+00 0.000000e+00 4.786532e+01 -4.455587e+01
5.014202e+01 0.000000e+00 5.795197e+01 -7.809945e+00
3.527887e+01 0.000000e+00 5.136789e+01 -1.608902e+01
1.179429e+02 0.000000e+00 4.290517e+01 7.503770e+01
2.328445e+01 0.000000e+00 5.015216e+01 -2.686771e+01
