1.352821e+02 3.679842e+02 1.022219e+02 4.010445e+02
2.875444e+00 3.679842e+02 3.816255e+01 3.326971e+02
1.120807e+01 3.679842e+02 2.284674e+01 3.563456e+02
2.889575e+01 3.679842e+02 3.729676e+01 3.595832e+02
3.761187e+01 3.679842e+02 5.755206e+01 3.480440e+02
2.016023e+02 3.679842e+02 6.511786e+01 5.044687e+02
2.113422e+02 3.679842e+02 7.012840e+01 5.091980e+02
6.842435e+01 3.679842e+02 6.277575e+01 3.736328e+02
2.226850e+01 3.679842e+02 2.511779e+01 3.651349e+02
2.859339e+01 3.679842e+02 1.583325e+02 2.382451e+02
8.734705e+01 3.679842e+02 4.605467e+01 4.092766e+02
1.503318e+02 3.679842e+02 8.510343e+01 4.332126e+02
8.218196e+01 3.679842e+02 9.634555e+01 3.538206e+02
1.547765e+01 3.679842e+02 5.488363e+01 3.285782e+02
1.385190e+02 3.679842e+02 7.809156e+01 4.284117e+02
2.587445e+01 3.679842e+02 2.760200e+01 3.662567e+02
1.759888e+01 3.679842e+02 1.308093e+01 3.725022e+02
1.468076e+02 3.679842e+02 5.254152e+01 4.622503e+02
2.194966e+01 3.679842e+02 3.293887e+01 3.569950e+02
1.280469e+01 3.679842e+02 1.816252e+01 3.626264e+02
1.267119e+01 3.679842e+02 2.331516e+01 3.573403e+02
3.997351e+01 3.679842e+02 4.591258e+01 3.620452e+02
1.043120e+02 3.679842e+02 3.956782e+01 4.327284e+02
6.086491e+01 3.679842e+02 -5.045414e+00 4.338945e+02
4.197267e+01 3.679842e+02 2.418095e+01 3.857759e+02
