1.352821e+02 2.437465e+02 1.022219e+02 2.768068e+02
2.875444e+00 3.129585e+02 3.816255e+01 2.776714e+02
1.120807e+01 3.249954e+02 2.284674e+01 3.133567e+02
2.889575e+01 3.189769e+02 3.729676e+01 3.105759e+02
3.761187e+01 3.069401e+02 5.755206e+01 2.869999e+02
2.016023e+02 3.129585e+02 6.511786e+01 4.494430e+02
2.113422e+02 3.009216e+02 7.012840e+01 4.421354e+02
6.842435e+01 2.949032e+02 6.277575e+01 3.005518e+02
2.226850e+01 3.370322e+02 2.511779e+01 3.341829e+02
2.859339e+01 2.136544e+02 1.583325e+02 8.391523e+01
8.734705e+01 3.069401e+02 4.605467e+01 3.482324e+02
1.503318e+02 2.798571e+02 8.510343e+01 3.450855e+02
8.218196e+01 2.618018e+02 9.634555e+01 2.476382e+02
1.547765e+01 3.009216e+02 5.488363e+01 2.615156e+02
1.385190e+02 3.009216e+02 7.809156e+01 3.613491e+02
2.587445e+01 3.310138e+02 2.760200e+01 3.292862e+02
1.759888e+01 3.310138e+02 1.308093e+01 3.355317e+02
1.468076e+02 3.009216e+02 5.254152e+01 3.951877e+02
2.194966e+01 3.069401e+02 3.293887e+01 2.959509e+02
1.280469e+01 3.249954e+02 1.816252e+01 3.196375e+02
1.267119e+01 3.249954e+02 2.331516e+01 3.143514e+02
3.997351e+01 2.949032e+02 4.591258e+01 2.889641e+02
1.043120e+02 3.129585e+02 3.956782e+01 3.777027e+02
6.086491e+01 3.430507e+02 -5.045414e+00 4.089610e+02
4.197267e+01 3.189769e+02 2.418095e+01 3.367686e+02
