1.127886e+02 0.000000e+00 7.575609e+01 3.703251e+01
1.251026e+01 0.000000e+00 5.598621e+01 -4.347596e+01
9.510064e+00 0.000000e+00 5.137122e+01 -4.186116e+01
1.050735e+02 0.000000e+00 5.559309e+01 4.948046e+01
1.022481e+01 3.125221e+01 2.446700e+01 1.701002e+01
6.619951e+01 3.125221e+01 2.645033e+01 7.100139e+01
3.267869e+01 3.125221e+01 2.816076e+01 3.577014e+01
4.694473e+01 0.000000e+00 6.337078e+01 -1.642605e+01
7.052703e+01 3.125221e+01 1.457984e+01 8.719941e+01
3.122084e+01 3.125221e+01 5.518319e+01 7.289864e+00
1.094689e+02 0.000000e+00 5.835972e+01 5.110922e+01
5.803448e+01 3.125221e+01 3.290335e+01 5.638335e+01
1.180692e+02 0.000000e+00 7.365254e+01 4.441662e+01
2.850826e+01 0.000000e+00 6.099728e+01 -3.248902e+01
1.026053e+02 3.125221e+01 3.040519e+01 1.034523e+02
1.207257e+02 0.000000e+00 5.256240e+01 6.816328e+01
5.723066e+01 0.000000e+00 4.846961e+01 8.761045e+00
6.129066e+01 0.000000e+00 6.033715e+01 9.535133e-01
1.259204e+02 0.000000e+00 5.466300e+01 7.125744e+01
9.231091e+01 0.000000e+00 5.005097e+01 4.225995e+01
2.354274e+01 0.000000e+00 5.150325e+01 -2.796051e+01
1.229855e+02 0.000000e+00 5.861787e+01 6.436768e+01
6.282660e+01 0.000000e+00 5.638229e+01 6.444309e+00
4.409830e+01 0.000000e+00 4.306247e+01 1.035829e+00
6.287480e+01 0.000000e+00 5.189637e+01 1.097843e+01
