4.456140e+01 3.633507e+01 2.791117e+01 5.298530e+01
-1.994360e+00 2.783112e+01 1.454422e+01 1.129255e+01
1.320051e+01 3.324273e+01 1.911008e+01 2.733315e+01
2.358845e+01 1.932717e+01 5.617392e+00 3.729822e+01
4.689710e+01 4.020051e+01 3.796457e+01 4.913304e+01
4.693124e+01 1.778099e+01 1.512218e+01 4.959005e+01
6.211787e+01 2.937729e+01 2.756422e+01 6.393094e+01
1.599904e+01 1.700791e+01 4.989611e+00 2.801734e+01
3.161092e+01 4.406594e+01 3.971565e+01 3.596121e+01
-3.445512e+00 2.783112e+01 3.214966e+01 -7.764049e+00
4.106601e+01 2.473877e+01 1.187474e+01 5.393005e+01
5.255296e+01 3.942742e+01 3.909439e+01 5.288599e+01
1.807060e+00 1.623482e+01 6.542307e+00 1.149957e+01
-5.855882e+00 2.010025e+01 7.659088e+00 6.585284e+00
-1.743134e+00 1.623482e+01 1.442175e+01 6.993920e-02
1.207064e+01 1.546173e+01 9.062195e-01 2.662616e+01
3.846212e+01 3.942742e+01 2.487191e+01 5.301763e+01
1.903692e+01 2.396569e+01 1.152452e+01 3.147809e+01
4.419803e+01 4.638520e+01 3.352117e+01 5.706207e+01
2.695676e+01 4.097360e+01 2.684095e+01 4.108940e+01
3.444163e-02 3.246964e+01 1.833700e+01 1.416709e+01
3.905824e+01 4.483903e+01 3.282073e+01 5.107654e+01
2.726523e+01 2.551186e+01 1.222496e+01 4.055213e+01
4.881304e+01 4.947755e+01 3.407630e+01 6.421430e+01
2.055200e+01 4.097360e+01 2.726382e+01 3.426178e+01
