-8.943035e+00 1.117359e+02 -1.720990e+01 1.200028e+02
1.538161e+01 1.434634e+02 1.546034e+01 1.433846e+02
-4.605281e+01 1.489812e+02 2.037822e+01 8.255015e+01
-9.625711e-01 1.462223e+02 1.916201e+01 1.260977e+02
-5.564118e+00 1.407045e+02 1.031177e+01 1.248286e+02
5.720009e+01 1.434634e+02 1.555614e+01 1.851073e+02
9.871910e+00 1.379455e+02 8.752735e+00 1.390647e+02
1.814282e+01 1.351866e+02 8.383478e+00 1.449460e+02
6.412833e+01 1.544990e+02 2.367780e+01 1.949495e+02
-3.954636e+01 9.794134e+01 -3.108006e+01 8.947504e+01
3.919682e+01 1.407045e+02 1.304425e+01 1.668570e+02
2.480690e+00 1.282894e+02 -2.017622e+00 1.327877e+02
-4.124797e+01 1.200126e+02 -6.704827e+00 8.546948e+01
-1.985423e+01 1.379455e+02 1.079957e+01 1.072918e+02
-6.611806e+01 1.379455e+02 1.020972e+01 6.161776e+01
2.887657e+01 1.517401e+02 2.510835e+01 1.555083e+02
2.630824e+01 1.517401e+02 2.245149e+01 1.555968e+02
8.585624e-01 1.379455e+02 1.037104e+01 1.284331e+02
8.159777e+00 1.407045e+02 1.064450e+01 1.382197e+02
3.645785e+01 1.489812e+02 1.952117e+01 1.659179e+02
1.423706e+00 1.489812e+02 2.046393e+01 1.299410e+02
5.480893e-01 1.351866e+02 5.298089e+00 1.304366e+02
1.626717e+01 1.434634e+02 1.571745e+01 1.440131e+02
2.457402e+01 1.572579e+02 2.685514e+01 1.549768e+02
-8.628263e+00 1.462223e+02 1.676226e+01 1.208318e+02
