5.588998e+01 1.001998e+02 4.078174e+01 1.153081e+02
4.507320e+00 1.286516e+02 1.139068e+01 1.217683e+02
-5.176350e+00 1.335998e+02 7.040255e+00 1.213832e+02
2.045693e+01 1.311257e+02 7.977351e+00 1.436053e+02
1.259679e+01 1.261775e+02 1.331777e+01 1.254566e+02
2.136978e+01 1.286516e+02 8.367469e+00 1.416539e+02
2.445175e+01 1.237035e+02 1.459642e+01 1.335588e+02
3.069215e+01 1.212294e+02 1.761747e+01 1.343041e+02
9.666342e+00 1.385479e+02 1.374362e+00 1.468399e+02
3.102812e-01 8.782947e+01 5.029965e+01 3.784010e+01
3.313205e+01 1.261775e+02 1.352320e+01 1.457864e+02
4.392161e+01 1.150442e+02 2.436570e+01 1.346001e+02
3.962032e+01 1.076220e+02 3.113946e+01 1.161029e+02
9.359516e+00 1.237035e+02 1.548495e+01 1.175780e+02
1.987474e+01 1.237035e+02 1.314483e+01 1.304334e+02
1.167317e+01 1.360738e+02 2.602275e+00 1.451447e+02
6.600621e+00 1.360738e+02 5.249285e+00 1.374252e+02
2.425178e+01 1.237035e+02 1.591188e+01 1.320434e+02
3.622395e+01 1.261775e+02 1.591405e+01 1.464874e+02
1.427119e+01 1.335998e+02 7.894129e+00 1.399768e+02
-1.056143e+01 1.335998e+02 6.954868e+00 1.160835e+02
3.399014e+01 1.212294e+02 2.069141e+01 1.345281e+02
1.620645e+01 1.286516e+02 1.113452e+01 1.337235e+02
1.183809e+00 1.410220e+02 1.411182e+00 1.407946e+02
1.165202e+01 1.311257e+02 1.036820e+01 1.324095e+02
