4.685519e+01 8.314215e+01 3.862111e+01 9.137623e+01
2.905409e+01 8.314215e+01 2.287885e+01 8.931739e+01
3.291289e+01 8.314215e+01 2.127617e+01 9.477888e+01
4.561741e+01 8.314215e+01 2.023090e+01 1.085287e+02
2.816317e+01 8.314215e+01 3.078030e+01 8.052502e+01
5.243329e+01 8.314215e+01 2.584001e+01 1.097354e+02
3.671090e+01 8.314215e+01 3.024445e+01 8.960861e+01
1.011290e+01 8.314215e+01 2.483715e+01 6.841791e+01
2.885092e+01 8.314215e+01 2.518168e+01 8.681140e+01
5.060998e+01 8.314215e+01 4.807235e+01 8.567978e+01
3.360018e+01 8.314215e+01 2.361652e+01 9.312582e+01
3.071517e+01 8.314215e+01 3.626480e+01 7.759253e+01
4.755857e+01 8.314215e+01 3.156872e+01 9.913200e+01
5.485022e+01 8.314215e+01 2.409948e+01 1.138929e+02
2.170849e+01 8.314215e+01 2.807945e+01 7.677119e+01
2.452866e+01 8.314215e+01 1.709998e+01 9.057083e+01
2.850751e+01 8.314215e+01 2.104791e+01 9.060175e+01
1.184396e+01 8.314215e+01 2.473624e+01 7.024987e+01
4.264692e+01 8.314215e+01 2.718239e+01 9.860669e+01
3.255570e+01 8.314215e+01 2.254969e+01 9.314817e+01
2.407698e+01 8.314215e+01 2.114881e+01 8.607032e+01
3.216463e+01 8.314215e+01 2.942184e+01 8.588495e+01
4.745255e+01 8.314215e+01 2.249679e+01 1.080979e+02
2.201335e+01 8.314215e+01 2.020934e+01 8.494617e+01
2.637764e+01 8.314215e+01 2.379677e+01 8.572303e+01
5.538297e+01 8.314215e+01 3.373371e+01 1.047914e+02
-7.229283e+00 8.314215e+01 2.099501e+01 5.491786e+01
1.926472e+01 8.314215e+01 2.626447e+01 7.614241e+01
4.791852e+01 8.314215e+01 2.063940e+01 1.104213e+02
6.526607e+01 8.314215e+01 4.048899e+01 1.079192e+02
2.282814e+01 8.314215e+01 2.377032e+01 8.219997e+01
5.130664e+01 8.314215e+01 3.116236e+01 1.032864e+02
3.679217e+01 8.314215e+01 1.852731e+01 1.014070e+02
3.034290e+01 8.314215e+01 3.190003e+01 8.158503e+01
2.094973e+01 8.314215e+01 3.376016e+01 7.033173e+01
1.677267e+01 8.314215e+01 1.740758e+01 8.250724e+01
4.255127e+01 8.314215e+01 2.226854e+01 1.034249e+02
2.168975e+01 8.314215e+01 2.739468e+01 7.743723e+01
5.024428e+01 8.314215e+01 2.600977e+01 1.073767e+02
4.753093e+01 8.314215e+01 3.489037e+01 9.578272e+01
5.420865e+01 8.314215e+01 2.980389e+01 1.075469e+02
1.166084e+01 8.314215e+01 2.127617e+01 7.352683e+01
5.156383e+01 8.314215e+01 3.877491e+01 9.593108e+01
4.777276e+01 8.314215e+01 2.764939e+01 1.032655e+02
3.840084e+01 8.314215e+01 2.300620e+01 9.853679e+01
4.515377e+01 8.314215e+01 1.880846e+01 1.094875e+02
