3.578778e+00 5.642692e+01 1.145899e+01 4.854671e+01
7.414109e+01 7.244937e+01 2.472837e+01 1.218621e+02
4.139493e+01 7.523589e+01 2.926684e+01 8.736397e+01
4.045611e+01 7.384263e+01 2.336855e+01 9.093019e+01
2.605801e+01 7.105612e+01 3.256215e+01 6.455197e+01
3.655244e+01 7.244937e+01 2.669730e+01 8.230451e+01
2.575476e+01 6.966286e+01 2.766498e+01 6.775264e+01
1.311403e+01 6.826960e+01 1.704469e+01 6.433895e+01
3.927336e+01 7.802240e+01 4.077983e+01 7.651593e+01
1.052589e+01 4.946063e+01 6.962192e+00 5.302433e+01
4.022167e+01 7.105612e+01 2.233400e+01 8.894379e+01
2.831946e+01 6.478646e+01 2.604221e+01 6.706370e+01
2.279385e+01 6.060669e+01 9.131492e+00 7.426905e+01
5.143614e+01 6.966286e+01 1.943906e+01 1.016599e+02
-6.650346e-01 6.966286e+01 2.341023e+01 4.558760e+01
2.466741e+01 7.662914e+01 2.490367e+01 7.639289e+01
2.739347e+01 7.662914e+01 3.266233e+01 7.136028e+01
2.850391e-01 6.966286e+01 2.069046e+01 4.925744e+01
3.962940e+01 7.105612e+01 2.934182e+01 8.134369e+01
5.187431e+01 7.523589e+01 3.176964e+01 9.534056e+01
3.411850e+01 7.523589e+01 2.901656e+01 8.033782e+01
2.004078e+01 6.826960e+01 2.605475e+01 6.225564e+01
3.024862e+01 7.244937e+01 2.397753e+01 7.872046e+01
4.990477e+01 7.941566e+01 3.870248e+01 9.061794e+01
2.161445e+01 7.384263e+01 3.037638e+01 6.508070e+01
2.246073e+01 6.060669e+01 1.338624e+01 6.968117e+01
4.785562e+01 7.384263e+01 2.487023e+01 9.682802e+01
8.087620e+00 6.966286e+01 2.369381e+01 5.405667e+01
5.399472e+01 7.523589e+01 2.801544e+01 1.012152e+02
3.772880e+01 5.921343e+01 1.896751e+01 7.797472e+01
4.545707e+01 7.244937e+01 2.648033e+01 9.142612e+01
5.842378e+01 7.105612e+01 3.331299e+01 9.616691e+01
6.993889e+01 7.802240e+01 3.155280e+01 1.164085e+02
3.848119e+01 6.966286e+01 3.091861e+01 7.722543e+01
1.045321e+01 6.199994e+01 1.728230e+01 5.517085e+01
1.842122e+01 7.941566e+01 3.319633e+01 6.464055e+01
4.842458e+01 7.384263e+01 2.737303e+01 9.489419e+01
4.892151e+01 7.384263e+01 3.359671e+01 8.916743e+01
4.716962e+01 6.966286e+01 2.319325e+01 9.363923e+01
5.249206e+01 6.617972e+01 2.718519e+01 9.148658e+01
3.242487e+01 6.826960e+01 2.680559e+01 7.388888e+01
2.831426e+01 7.523589e+01 2.926684e+01 7.428331e+01
3.759669e+01 5.782017e+01 1.560532e+01 7.981154e+01
7.629430e+01 7.384263e+01 3.409727e+01 1.160397e+02
3.732579e+01 7.244937e+01 2.497865e+01 8.479652e+01
4.261792e+01 7.941566e+01 3.594941e+01 8.608417e+01
