1.227130e+01 4.251175e+01 1.728083e+01 3.750221e+01
-3.708669e+00 5.458298e+01 6.485620e+00 4.438869e+01
1.366905e+01 5.668233e+01 3.574258e+00 6.677712e+01
1.236848e+01 5.563265e+01 6.711972e+00 6.128916e+01
6.206660e+00 5.353331e+01 1.494770e+01 4.479227e+01
2.097644e+01 5.458298e+01 1.726209e+01 5.829733e+01
9.727998e+01 5.248364e+01 1.762140e+01 1.321422e+02
-1.667330e+01 5.143396e+01 1.125867e+01 2.350199e+01
2.933661e+01 5.878167e+01 9.119323e+00 7.899896e+01
2.366835e+01 3.726338e+01 3.307366e+01 2.785807e+01
1.616328e+00 5.353331e+01 7.999301e+00 4.715034e+01
1.122428e+01 4.880978e+01 1.978723e+01 4.024683e+01
2.924344e+01 4.566076e+01 1.714787e+01 5.775634e+01
3.606057e+01 5.248364e+01 9.744988e+00 7.879921e+01
3.358011e+00 5.248364e+01 1.959344e+01 3.624821e+01
2.405505e+01 5.773200e+01 5.192637e+00 7.659442e+01
3.020681e+01 5.773200e+01 1.596568e+00 8.634225e+01
1.734004e+00 5.248364e+01 9.164976e+00 4.505266e+01
5.067698e+00 5.353331e+01 4.751238e+00 5.384977e+01
1.605901e+01 5.668233e+01 2.414236e+00 7.032710e+01
4.716888e+01 5.668233e+01 3.690261e+00 1.001609e+02
5.003952e+00 5.143396e+01 7.082588e+00 4.935533e+01
-6.233235e+00 5.458298e+01 6.833626e+00 4.151612e+01
3.817578e-01 5.983135e+01 -2.010807e+00 6.222391e+01
3.000065e+01 5.563265e+01 3.463909e+00 8.216939e+01
2.786750e+01 4.566076e+01 1.517583e+01 5.835243e+01
4.164406e+01 5.563265e+01 6.015958e+00 9.126075e+01
3.571065e+00 5.248364e+01 7.772949e+00 4.828175e+01
-1.032364e+01 5.668233e+01 4.154270e+00 4.220441e+01
4.674524e+01 4.461109e+01 2.468193e+01 6.667440e+01
1.264905e+01 5.458298e+01 5.673604e+00 6.155843e+01
1.124591e+01 5.353331e+01 1.459969e+01 5.017952e+01
1.092710e-01 5.878167e+01 1.706917e+00 5.718403e+01
4.758187e+01 5.248364e+01 1.611337e+01 8.395213e+01
1.323455e+01 4.671044e+01 1.296614e+01 4.697885e+01
8.693763e+00 5.983135e+01 5.412424e-01 6.798387e+01
4.101906e+01 5.563265e+01 4.855936e+00 9.179578e+01
1.210664e+01 5.563265e+01 1.366037e+01 5.407892e+01
1.850682e+01 5.248364e+01 8.004954e+00 6.298550e+01
2.004392e+00 4.985945e+01 1.885356e+01 3.301029e+01
2.692394e+00 5.143396e+01 6.734581e+00 4.739178e+01
3.980614e+00 5.668233e+01 3.574258e+00 5.708868e+01
4.311160e+01 4.356142e+01 1.495513e+01 7.171789e+01
7.839980e+01 5.563265e+01 1.342836e+01 1.206041e+02
1.370169e+02 5.458298e+01 6.369617e+00 1.852303e+02
6.795947e+01 5.983135e+01 -7.347824e-01 1.285256e+02
