-1.321289e+01 9.467267e+01 5.792445e+00 7.566734e+01
7.714961e+01 1.215550e+02 2.569032e+01 1.730143e+02
5.082835e+01 1.262302e+02 3.481019e+01 1.422484e+02
1.828531e+01 1.238926e+02 2.104342e+01 1.211345e+02
9.296950e+00 1.192174e+02 3.286607e+01 9.564833e+01
2.140068e+00 1.215550e+02 1.679000e+01 1.069051e+02
2.648829e+01 1.168798e+02 2.163911e+01 1.217290e+02
1.232267e+01 1.145422e+02 9.788172e+00 1.170767e+02
4.628529e+01 1.309054e+02 4.772882e+01 1.294619e+02
-2.610328e+01 8.298469e+01 -1.352595e+01 7.040736e+01
1.804116e+01 1.192174e+02 2.081290e+01 1.164457e+02
-1.170628e+00 1.086983e+02 2.171193e+01 8.581570e+01
5.924050e+01 1.016855e+02 -3.703565e+00 1.646295e+02
6.796386e+01 1.168798e+02 1.466558e+01 1.701781e+02
-2.313523e+01 1.168798e+02 1.084490e+01 8.289972e+01
1.636721e+01 1.285678e+02 2.254385e+01 1.223912e+02
-6.823331e-01 1.285678e+02 4.222742e+01 8.565808e+01
2.505296e+00 1.168798e+02 1.784035e+01 1.015448e+02
3.284533e+01 1.192174e+02 3.859161e+01 1.134712e+02
4.327042e+01 1.262302e+02 4.115973e+01 1.283409e+02
5.051037e+01 1.262302e+02 3.417523e+01 1.425654e+02
3.708516e+01 1.145422e+02 3.264651e+01 1.189809e+02
9.548626e+00 1.215550e+02 2.378546e+01 1.073182e+02
9.797804e+01 1.332430e+02 5.515701e+01 1.760641e+02
3.348729e+00 1.238926e+02 3.882213e+01 8.841924e+01
3.261065e+00 1.016855e+02 7.090651e+00 9.785588e+01
1.665123e+01 1.238926e+02 2.485314e+01 1.156907e+02
-4.486927e+01 1.168798e+02 2.545980e+01 4.655077e+01
9.319277e+01 1.262302e+02 3.163542e+01 1.877876e+02
1.563131e+00 9.934787e+01 8.551815e+00 9.235918e+01
1.641157e+01 1.215550e+02 3.013499e+01 1.078316e+02
1.553389e+02 1.192174e+02 3.477093e+01 2.397854e+02
7.712900e+01 1.309054e+02 3.821547e+01 1.698190e+02
9.796234e+00 1.168798e+02 2.989351e+01 9.678256e+01
3.893280e+00 1.040231e+02 1.577779e+01 9.213856e+01
3.354995e+00 1.332430e+02 4.118802e+01 9.540999e+01
1.169803e+02 1.238926e+02 3.120268e+01 2.096703e+02
5.972015e+01 1.238926e+02 3.309658e+01 1.505162e+02
1.013843e+02 1.168798e+02 2.418989e+01 1.940743e+02
4.684236e+01 1.110359e+02 2.341457e+01 1.344636e+02
9.147152e+01 1.145422e+02 3.455137e+01 1.714624e+02
4.250541e+01 1.262302e+02 3.481019e+01 1.339255e+02
2.060293e+01 9.701027e+01 1.511453e+01 1.024987e+02
1.056086e+02 1.238926e+02 3.436649e+01 1.951347e+02
7.746217e+00 1.215550e+02 2.632527e+01 1.029760e+02
2.909018e+01 1.332430e+02 4.817252e+01 1.141607e+02
