-1.580351e+01 2.524857e+01 -5.522467e+00 1.496752e+01
2.719714e+01 1.933933e+01 1.788540e+00 4.474793e+01
1.077181e+00 2.309975e+01 -1.728099e+00 2.590503e+01
-5.108885e+00 1.343009e+01 7.819672e+00 5.015315e-01
-2.061901e+00 2.793458e+01 -9.209853e+00 3.508254e+01
6.925089e+00 1.235568e+01 6.490943e+00 1.278983e+01
-1.481936e+01 2.041373e+01 -1.810896e+00 7.405276e+00
7.357723e+00 1.181848e+01 8.943711e+00 1.023249e+01
-1.110311e+01 3.062060e+01 -1.128641e+01 3.080390e+01
-1.505946e+00 1.933933e+01 -2.503936e+00 2.033732e+01
-1.188255e+01 1.719051e+01 3.815462e+00 1.492498e+00
-2.293529e+01 2.739738e+01 -9.221167e+00 1.368326e+01
1.301658e+01 1.128127e+01 8.810504e+00 1.548735e+01
2.031566e-01 1.396729e+01 6.916790e+00 7.253659e+00
-2.326706e-01 1.128127e+01 7.321565e+00 3.727039e+00
1.197551e+01 1.074407e+01 1.074948e+01 1.197011e+01
-1.058877e+01 2.739738e+01 -5.903834e+00 2.271245e+01
-1.684066e+01 1.665331e+01 4.230772e+00 -4.418120e+00
9.618619e+00 3.223221e+01 -1.122624e+01 5.307707e+01
-1.067541e+01 2.847179e+01 -7.100134e+00 2.489651e+01
-1.040371e+01 2.256255e+01 -1.190895e+00 1.334974e+01
-1.227026e+01 3.115781e+01 -1.039562e+01 2.928316e+01
6.762423e+00 1.772772e+01 3.400151e+00 2.108999e+01
-6.636544e+00 3.438103e+01 -1.264369e+01 4.038818e+01
1.187504e+01 2.847179e+01 -7.222027e+00 4.756885e+01
2.037021e+00 2.041373e+01 -3.219565e-01 2.277271e+01
2.799088e+01 1.665331e+01 4.596451e+00 4.004773e+01
2.627011e+00 2.309975e+01 -2.215670e+00 2.794243e+01
5.697939e+00 2.041373e+01 9.579192e-01 2.515375e+01
8.936174e+00 2.417416e+01 -6.485518e+00 3.959585e+01
-7.216855e+00 2.309975e+01 -1.971884e+00 1.785478e+01
-1.027637e+00 2.954620e+01 -1.082146e+01 3.934002e+01
-1.249806e+01 2.202535e+01 -4.099056e-01 9.937193e+00
-1.981432e+01 2.739738e+01 -8.794542e+00 1.637761e+01
3.077227e+00 2.578577e+01 -5.572099e+00 3.443510e+01
-6.024280e+00 2.256255e+01 -8.252162e-01 1.736349e+01
2.625937e+01 2.202535e+01 -7.755844e-01 4.906030e+01
-1.156486e+01 2.417416e+01 -5.205642e+00 1.781495e+01
9.751422e+00 2.202535e+01 -1.141263e+00 3.291803e+01
-3.207027e+00 2.686018e+01 -8.562071e+00 3.221522e+01
-2.527981e+01 3.276942e+01 -1.200723e+01 1.949684e+01
2.491159e+00 2.309975e+01 -1.728099e+00 2.731901e+01
-1.664440e+01 3.115781e+01 -1.130981e+01 2.582322e+01
-4.141540e+00 2.524857e+01 -6.280049e+00 2.738708e+01
-2.395308e+00 1.987653e+01 1.251337e+00 1.622989e+01
-1.784726e+01 2.847179e+01 -6.734455e+00 1.735898e+01
