-3.621323e+01 1.207438e+02 -3.271755e+01 1.172481e+02
-2.645632e+01 1.207438e+02 -1.737826e+01 1.116657e+02
-3.468588e+01 1.207438e+02 -1.117553e+01 9.723344e+01
-5.146869e+01 1.207438e+02 -2.002778e+01 8.930288e+01
-4.831582e+00 1.207438e+02 -1.115410e+01 1.270663e+02
-2.582074e+01 1.207438e+02 -2.094266e+01 1.158657e+02
-2.439000e+01 1.207438e+02 -1.841990e+01 1.147737e+02
-2.998635e+01 1.207438e+02 -2.807050e+01 1.188279e+02
2.164482e+00 1.207438e+02 -6.049322e-01 1.235132e+02
-4.563876e+01 1.207438e+02 -4.405482e+01 1.191599e+02
4.135085e+01 1.207438e+02 -2.067793e+01 1.827726e+02
-6.725225e+01 1.207438e+02 -1.926020e+01 7.275174e+01
-2.540751e+01 1.207438e+02 -3.788983e+01 1.332261e+02
-5.099142e+01 1.207438e+02 -2.477083e+01 9.452319e+01
5.916626e+00 1.207438e+02 -2.516232e+01 1.518227e+02
-1.326175e+01 1.207438e+02 -1.858440e+01 1.260664e+02
-8.439343e+00 1.207438e+02 -6.289402e+00 1.185938e+02
-2.566899e+01 1.207438e+02 -2.278776e+01 1.178626e+02
1.198896e+01 1.207438e+02 -9.572767e+00 1.423055e+02
2.795053e+01 1.207438e+02 -7.209396e+00 1.559037e+02
-1.291475e+02 1.207438e+02 -1.157214e+01 3.168453e+00
4.088430e+00 1.207438e+02 -1.379243e+01 1.386247e+02
2.852763e+00 1.207438e+02 -1.856810e+01 1.421646e+02
-4.209520e+00 1.207438e+02 2.293008e+00 1.142413e+02
4.813575e+01 1.207438e+02 -8.922617e+00 1.778022e+02
-6.321516e+01 1.207438e+02 -3.114741e+01 8.867604e+01
-2.570991e+01 1.207438e+02 -1.764810e+01 1.126820e+02
-1.801466e+01 1.207438e+02 -1.802841e+01 1.207575e+02
2.398720e+01 1.207438e+02 -1.315859e+01 1.578896e+02
-9.401004e-01 1.207438e+02 -2.849276e+01 1.482965e+02
-1.386275e+01 1.207438e+02 -1.460197e+01 1.214830e+02
-2.825338e+01 1.207438e+02 -9.964261e+00 1.024547e+02
-1.802464e+01 1.207438e+02 -8.542311e+00 1.112615e+02
-3.719154e+01 1.207438e+02 -1.326393e+01 9.681618e+01
-1.565945e+01 1.207438e+02 -2.546806e+01 1.305524e+02
-3.147120e+01 1.207438e+02 -6.432478e+00 9.570507e+01
-1.711802e-01 1.207438e+02 -1.368197e+01 1.342546e+02
1.321578e+01 1.207438e+02 -1.050395e+01 1.444635e+02
2.492525e+01 1.207438e+02 -1.882163e+01 1.644907e+02
-2.813398e+01 1.207438e+02 -1.794360e+01 1.105534e+02
-2.416448e+01 1.207438e+02 -1.260260e+01 1.091819e+02
9.706771e+00 1.207438e+02 -1.117553e+01 1.416261e+02
-1.832859e+01 1.207438e+02 -2.664159e+01 1.290568e+02
6.811773e+00 1.207438e+02 -9.710723e+00 1.372663e+02
-1.165255e+01 1.207438e+02 -1.698164e+01 1.260729e+02
-5.167315e+01 1.207438e+02 -2.069735e+00 7.114038e+01
