8.266449e+01 0.000000e+00 6.302626e+01 1.963823e+01
5.488371e+01 0.000000e+00 5.153104e+01 3.352669e+00
3.615754e+01 0.000000e+00 5.422846e+01 -1.807093e+01
7.424096e+01 0.000000e+00 4.523920e+01 2.900176e+01
1.541167e+02 4.398916e+01 1.044467e+02 9.365916e+01
1.296918e+02 4.398916e+01 8.867005e+01 8.501093e+01
1.465583e+02 4.398916e+01 9.756519e+01 9.298225e+01
3.906130e+01 0.000000e+00 4.564064e+01 -6.579334e+00
4.649507e+01 4.398916e+01 1.046036e+02 -1.411935e+01
1.280660e+02 4.398916e+01 1.036969e+02 6.835823e+01
-2.151171e+01 0.000000e+00 4.991886e+01 -7.143057e+01
6.660735e+01 4.398916e+01 1.061498e+02 4.446718e+00
3.080198e+01 0.000000e+00 4.783928e+01 -1.703730e+01
6.974148e+01 0.000000e+00 4.725281e+01 2.248866e+01
3.831698e+01 4.398916e+01 8.860730e+01 -6.301159e+00
4.886355e+01 0.000000e+00 4.161341e+01 7.250140e+00
4.849165e+01 0.000000e+00 5.794838e+01 -9.456732e+00
2.745037e+01 0.000000e+00 4.988749e+01 -2.243712e+01
7.775826e+01 0.000000e+00 6.467303e+01 1.308523e+01
1.038622e+02 0.000000e+00 5.949781e+01 4.436439e+01
5.027852e+01 0.000000e+00 5.370153e+01 -3.423005e+00
1.014282e+02 0.000000e+00 6.461028e+01 3.681791e+01
5.478386e+01 0.000000e+00 4.995024e+01 4.833623e+00
3.683682e+01 0.000000e+00 6.380741e+01 -2.697059e+01
6.023454e+01 0.000000e+00 5.999337e+01 2.411686e-01
6.973103e+01 0.000000e+00 5.679717e+01 1.293387e+01
-1.284924e+01 0.000000e+00 4.840081e+01 -6.125004e+01
1.535455e+02 0.000000e+00 5.621070e+01 9.733476e+01
9.723235e+01 0.000000e+00 5.159379e+01 4.563856e+01
2.241922e+02 4.398916e+01 1.049704e+02 1.632110e+02
5.453204e+01 0.000000e+00 5.521958e+01 -6.875416e-01
1.892640e+02 4.398916e+01 1.060275e+02 1.272256e+02
4.680238e+01 0.000000e+00 5.218347e+01 -5.381094e+00
7.547273e+01 4.398916e+01 1.044153e+02 1.504656e+01
1.906061e+01 0.000000e+00 6.157095e+01 -4.251035e+01
1.048567e+02 0.000000e+00 5.221485e+01 5.264188e+01
8.490807e+01 0.000000e+00 5.367015e+01 3.123791e+01
1.844032e+02 4.398916e+01 9.976705e+01 1.286253e+02
1.453251e+02 0.000000e+00 5.515683e+01 9.016829e+01
8.355322e+01 4.398916e+01 1.051273e+02 2.241507e+01
1.888498e+01 0.000000e+00 6.619108e+01 -4.730610e+01
5.073972e+01 0.000000e+00 5.422846e+01 -3.488742e+00
1.809594e+02 0.000000e+00 6.832698e+01 1.126324e+02
9.665515e+01 4.398916e+01 1.008209e+02 3.982339e+01
5.913246e+01 0.000000e+00 5.205797e+01 7.074487e+00
8.636465e+01 0.000000e+00 5.801113e+01 2.835352e+01
