3.150647e+01 7.945153e+01 3.577964e+01 7.517837e+01
3.966415e+01 6.085649e+01 2.614296e+01 7.437768e+01
1.868310e+01 7.268970e+01 3.953414e+01 5.183865e+01
-3.014834e+00 4.226145e+01 8.326912e+00 3.091971e+01
3.694695e+01 8.790382e+01 4.141199e+01 8.343878e+01
-4.914222e+00 3.888054e+01 -6.832306e+00 4.079862e+01
-6.260512e+00 6.423741e+01 1.696659e+01 4.101031e+01
-5.548884e+00 3.719008e+01 1.395844e-01 3.150161e+01
4.144755e+01 9.635611e+01 5.375922e+01 8.404444e+01
-1.075100e+00 6.085649e+01 2.290343e+00 5.749105e+01
1.441686e+01 5.409466e+01 1.860214e+01 4.990938e+01
6.249956e+01 8.621336e+01 3.621608e+01 1.124968e+02
7.799854e+01 3.549962e+01 -5.835309e+00 1.193335e+02
8.639648e+01 4.395191e+01 7.680405e+00 1.226680e+02
-3.078543e+01 3.549962e+01 -1.177120e+01 1.648539e+01
2.360909e+00 3.380916e+01 1.432598e+00 3.473747e+01
5.755040e+01 8.621336e+01 5.383680e+01 8.992696e+01
4.274196e+01 5.240420e+01 1.613270e+01 7.901346e+01
6.473654e+01 1.014275e+02 6.593497e+01 1.002291e+02
7.543847e+01 8.959428e+01 5.643873e+01 1.085940e+02
-9.424191e+00 7.099924e+01 3.784369e+01 2.373136e+01
3.908419e+01 9.804657e+01 6.099607e+01 7.613468e+01
9.219479e+00 5.578512e+01 2.107159e+01 4.393301e+01
1.189468e+02 1.081893e+02 7.737073e+01 1.497653e+02
5.426894e+01 8.959428e+01 5.565974e+01 8.820348e+01
2.182723e+01 6.423741e+01 2.290248e+01 6.316215e+01
6.787762e+01 5.240420e+01 1.846966e+01 1.018122e+02
-7.595897e+00 7.268970e+01 3.641819e+01 2.867561e+01
9.809496e+01 6.423741e+01 3.108185e+01 1.312505e+02
2.410444e+01 7.607061e+01 2.295738e+01 7.721767e+01
1.037143e+01 7.268970e+01 3.797617e+01 4.508495e+01
6.763706e+01 9.297519e+01 4.648336e+01 1.141289e+02
7.113918e+01 6.930878e+01 3.771121e+01 1.027368e+02
8.472633e+01 8.621336e+01 3.894254e+01 1.319971e+02
5.446933e+01 8.114199e+01 4.058605e+01 9.502527e+01
2.353743e+01 7.099924e+01 4.018065e+01 5.435602e+01
6.697978e+01 6.930878e+01 3.537424e+01 1.009143e+02
2.126467e+01 7.607061e+01 3.113676e+01 6.619852e+01
3.856926e+01 6.930878e+01 3.303728e+01 7.484076e+01
6.689202e+01 8.452290e+01 3.530461e+01 1.161103e+02
1.243340e+01 1.031179e+02 6.606745e+01 4.948390e+01
2.596832e+01 7.268970e+01 3.953414e+01 5.912387e+01
1.151193e+02 9.804657e+01 5.515366e+01 1.580122e+02
5.885355e+01 7.945153e+01 3.451768e+01 1.037874e+02
5.161884e+01 6.254695e+01 2.783342e+01 8.633237e+01
9.056251e+01 8.959428e+01 5.877569e+01 1.213811e+02
