-2.988785e+01 9.674095e+01 -2.740874e+01 9.426184e+01
-3.707439e+00 9.674095e+01 -1.771478e+01 1.107483e+02
-6.139110e+01 9.674095e+01 -1.237041e+01 4.772026e+01
-5.428341e+01 9.674095e+01 -2.099429e+01 6.345183e+01
-1.833557e+01 9.674095e+01 -7.697571e+00 8.610295e+01
-4.354554e+01 9.674095e+01 -1.836539e+01 7.156080e+01
2.069735e-01 9.674095e+01 -1.467960e+01 1.116275e+02
-3.320958e+01 9.674095e+01 -2.716795e+01 9.069931e+01
-1.542582e+01 9.674095e+01 5.325788e-01 8.078255e+01
-3.543248e+01 9.674095e+01 -3.341626e+01 9.472473e+01
4.852771e+01 9.674095e+01 -2.059220e+01 1.658609e+02
-4.321177e+01 9.674095e+01 -1.366809e+01 6.719727e+01
-2.762322e+01 9.674095e+01 -3.437404e+01 1.034918e+02
-6.544686e+01 9.674095e+01 -2.429054e+01 5.558462e+01
9.575717e+00 9.674095e+01 -2.165745e+01 1.279741e+02
-1.266721e+01 9.674095e+01 -2.057546e+01 1.046492e+02
-1.117228e+00 9.674095e+01 -7.851151e+00 1.034749e+02
-2.685769e+01 9.674095e+01 -2.223823e+01 9.212148e+01
4.200240e-01 9.674095e+01 -9.099268e+00 1.062602e+02
2.040966e+01 9.674095e+01 -8.265796e+00 1.254164e+02
-5.293479e+01 9.674095e+01 -1.278087e+01 5.658703e+01
-2.048534e+00 9.674095e+01 -1.239133e+01 1.070837e+02
-3.946927e+00 9.674095e+01 -1.894617e+01 1.117402e+02
-1.512833e+00 9.674095e+01 -4.401244e-02 9.527213e+01
3.748847e+01 9.674095e+01 -9.501364e+00 1.437308e+02
-5.240629e+01 9.674095e+01 -2.739619e+01 7.173084e+01
-2.154584e+01 9.674095e+01 -1.853152e+01 9.372662e+01
-3.332760e+01 9.674095e+01 -1.731269e+01 8.072604e+01
-4.171608e+00 9.674095e+01 -1.442272e+01 1.069921e+02
-2.540238e+01 9.674095e+01 -2.107313e+01 9.241170e+01
-1.859369e+01 9.674095e+01 -1.484155e+01 9.298880e+01
-1.003370e+01 9.674095e+01 -6.466185e+00 9.317343e+01
-8.012255e+00 9.674095e+01 -1.072020e+01 9.944889e+01
-2.225348e+01 9.674095e+01 -9.343600e+00 8.383107e+01
-4.577171e+00 9.674095e+01 -2.205600e+01 1.142198e+02
-3.118064e+01 9.674095e+01 -9.074171e+00 7.463448e+01
-1.961616e+00 9.674095e+01 -1.442690e+01 1.092062e+02
2.802427e+01 9.674095e+01 -8.099666e+00 1.328649e+02
4.065844e+00 9.674095e+01 -1.813361e+01 1.189404e+02
-2.716175e+01 9.674095e+01 -1.284298e+01 8.242218e+01
-4.580789e+01 9.674095e+01 -1.115994e+01 6.209300e+01
-8.347740e+00 9.674095e+01 -1.237041e+01 1.007636e+02
-6.208808e+00 9.674095e+01 -2.165809e+01 1.121902e+02
1.390675e+01 9.674095e+01 -7.278743e+00 1.179264e+02
-6.068971e+01 9.674095e+01 -1.730432e+01 5.335556e+01
-3.090686e+01 9.674095e+01 -4.559092e+00 7.039318e+01
