3.082369e+01 0.000000e+00 1.715434e+01 1.366935e+01
4.012029e+01 0.000000e+00 1.909319e+01 2.102709e+01
5.272102e+01 0.000000e+00 2.027035e+01 3.245067e+01
3.253459e+01 0.000000e+00 1.831529e+01 1.421930e+01
3.730602e+01 1.592598e+01 3.626828e+01 1.696372e+01
4.291077e+01 1.592598e+01 3.379405e+01 2.504270e+01
4.455240e+01 1.592598e+01 3.469018e+01 2.578820e+01
9.460314e+00 0.000000e+00 1.699761e+01 -7.537300e+00
2.739404e+01 1.592598e+01 3.803317e+01 5.286847e+00
3.692862e+01 1.592598e+01 3.074999e+01 2.210462e+01
3.578890e+01 0.000000e+00 1.845749e+01 1.733140e+01
8.290333e+00 1.592598e+01 3.500971e+01 -1.079340e+01
1.992143e+01 0.000000e+00 1.548031e+01 4.441124e+00
3.816330e+01 0.000000e+00 1.763331e+01 2.052999e+01
2.364735e+01 1.592598e+01 3.308809e+01 6.485242e+00
2.749094e+01 0.000000e+00 1.836156e+01 9.129376e+00
2.632476e+01 0.000000e+00 2.128301e+01 5.041751e+00
7.201993e+00 0.000000e+00 1.810451e+01 -1.090252e+01
3.842964e+01 0.000000e+00 2.109622e+01 1.733342e+01
3.124848e+01 0.000000e+00 2.121275e+01 1.003573e+01
2.010496e+01 0.000000e+00 2.017611e+01 -7.115227e-02
2.413840e+01 0.000000e+00 2.039026e+01 3.748141e+00
4.339156e+01 0.000000e+00 1.881047e+01 2.458109e+01
2.650028e+01 0.000000e+00 2.302561e+01 3.474669e+00
2.370150e+01 0.000000e+00 2.095402e+01 2.747483e+00
2.430130e+01 0.000000e+00 1.708240e+01 7.218908e+00
9.943364e+00 0.000000e+00 1.888073e+01 -8.937366e+00
1.852503e+01 0.000000e+00 1.923540e+01 -7.103644e-01
3.879709e+01 0.000000e+00 1.979915e+01 1.899793e+01
6.235176e+01 1.592598e+01 3.340932e+01 4.486842e+01
2.425488e+01 0.000000e+00 1.975287e+01 4.502004e+00
5.569242e+01 1.592598e+01 3.655100e+01 3.506740e+01
3.909774e+01 0.000000e+00 2.059935e+01 1.849839e+01
4.273336e+01 1.592598e+01 3.591530e+01 2.274404e+01
9.578117e+00 0.000000e+00 1.828354e+01 -8.705420e+00
1.777336e+01 0.000000e+00 2.095233e+01 -3.178964e+00
3.429765e+01 0.000000e+00 1.982313e+01 1.447451e+01
4.370498e+01 1.592598e+01 3.612607e+01 2.350489e+01
4.549850e+01 0.000000e+00 1.904692e+01 2.645158e+01
4.369055e+01 1.592598e+01 3.517421e+01 2.444232e+01
1.510234e+01 0.000000e+00 2.067298e+01 -5.570648e+00
9.851964e+00 0.000000e+00 2.027035e+01 -1.041839e+01
3.191643e+01 0.000000e+00 1.844972e+01 1.346671e+01
5.527560e+01 1.592598e+01 3.631455e+01 3.488703e+01
3.618727e+01 0.000000e+00 1.918743e+01 1.699984e+01
4.252497e+01 0.000000e+00 2.198897e+01 2.053600e+01
