7.242117e+01 1.530069e+02 6.320979e+01 1.622183e+02
3.180396e+01 1.530069e+02 4.003755e+01 1.447733e+02
7.772403e+01 1.530069e+02 3.515615e+01 1.955748e+02
7.369832e+01 1.530069e+02 3.898202e+01 1.877232e+02
2.391355e+01 1.530069e+02 4.039949e+01 1.365210e+02
7.035140e+01 1.530069e+02 4.106347e+01 1.822948e+02
6.586974e+01 1.530069e+02 4.384324e+01 1.750334e+02
-7.180368e+00 1.530069e+02 4.769401e+01 9.813253e+01
1.055363e+02 1.530069e+02 2.939008e+01 2.291531e+02
8.371372e+01 1.530069e+02 7.457641e+01 1.621442e+02
4.058999e+01 1.530069e+02 4.252602e+01 1.510709e+02
3.115958e+01 1.530069e+02 4.997360e+01 1.341929e+02
7.886951e+01 1.530069e+02 5.937448e+01 1.725019e+02
9.046940e+01 1.530069e+02 4.520555e+01 1.982708e+02
4.181918e+01 1.530069e+02 4.546723e+01 1.493589e+02
1.889696e+01 1.530069e+02 3.524696e+01 1.366569e+02
5.039388e+01 1.530069e+02 3.228556e+01 1.711152e+02
5.596312e+01 1.530069e+02 4.472790e+01 1.642421e+02
8.903654e+01 1.530069e+02 3.985121e+01 2.021922e+02
5.034635e+00 1.530069e+02 3.420086e+01 1.238407e+02
3.496130e+01 1.530069e+02 3.525168e+01 1.527165e+02
4.752658e+01 1.530069e+02 4.425498e+01 1.562785e+02
4.209869e+01 1.530069e+02 4.032414e+01 1.547815e+02
3.585004e+01 1.530069e+02 2.683099e+01 1.620260e+02
2.553493e+01 1.530069e+02 3.630721e+01 1.422346e+02
4.668267e+01 1.530069e+02 5.775049e+01 1.419391e+02
5.377545e+01 1.530069e+02 3.840885e+01 1.683735e+02
3.980599e+01 1.530069e+02 4.358156e+01 1.492313e+02
1.053313e+02 1.530069e+02 3.563379e+01 2.227044e+02
1.137929e+02 1.530069e+02 5.897218e+01 2.078276e+02
5.507498e+01 1.530069e+02 3.936885e+01 1.687130e+02
5.470309e+01 1.530069e+02 4.011290e+01 1.675971e+02
1.578230e+01 1.530069e+02 3.113450e+01 1.376547e+02
3.400216e+01 1.530069e+02 4.260137e+01 1.444077e+02
2.000214e+01 1.530069e+02 5.468885e+01 1.183202e+02
1.168354e+02 1.530069e+02 2.893262e+01 2.409097e+02
5.953205e+01 1.530069e+02 3.745356e+01 1.750854e+02
-1.321762e+01 1.530069e+02 3.685549e+01 1.029338e+02
6.338107e+00 1.530069e+02 4.377261e+01 1.155724e+02
4.274614e+01 1.530069e+02 4.796278e+01 1.477903e+02
8.465757e+01 1.530069e+02 4.396839e+01 1.936961e+02
3.355303e+01 1.530069e+02 3.515615e+01 1.514038e+02
7.384550e+01 1.530069e+02 6.005262e+01 1.667998e+02
4.751635e+00 1.530069e+02 3.666443e+01 1.210941e+02
3.039490e+01 1.530069e+02 3.994202e+01 1.434598e+02
5.230516e+01 1.530069e+02 2.788180e+01 1.774303e+02
