9.116938e+00 0.000000e+00 9.286436e+00 -1.694985e-01
9.950411e+00 0.000000e+00 1.677292e+00 8.273119e+00
-9.142373e+00 0.000000e+00 3.443175e+00 -1.258555e+01
-1.274113e+01 0.000000e+00 -2.465388e+00 -1.027574e+01
5.554035e+00 1.554758e+01 -7.994635e+00 2.909625e+01
-2.088425e+01 1.554758e+01 -1.837602e+01 1.303934e+01
-2.234547e+01 1.554758e+01 -1.251682e+01 5.718929e+00
-2.734168e+01 0.000000e+00 -2.184613e+00 -2.515707e+01
-1.960544e+01 1.554758e+01 -7.912360e+00 3.854502e+00
-7.786170e+00 1.554758e+01 -8.422985e+00 1.618439e+01
2.547991e+01 0.000000e+00 6.210531e-01 2.485886e+01
1.408808e+01 1.554758e+01 -6.855602e+00 3.649126e+01
3.264344e+01 0.000000e+00 -7.154405e-01 3.335888e+01
-1.393873e+00 0.000000e+00 -1.128375e+00 -2.654986e-01
-9.799831e+00 1.554758e+01 -1.840893e+01 2.415667e+01
-1.913431e+01 0.000000e+00 -4.858639e+00 -1.427567e+01
-2.590767e+00 0.000000e+00 5.885791e+00 -8.476558e+00
-1.463368e+01 0.000000e+00 6.045981e-01 -1.523828e+01
-8.255576e+00 0.000000e+00 1.032570e+01 -1.858128e+01
2.256118e+01 0.000000e+00 6.909120e+00 1.565206e+01
1.024716e+01 0.000000e+00 3.096580e+00 7.150579e+00
1.553481e+01 0.000000e+00 1.029279e+01 5.242021e+00
-3.362387e+00 0.000000e+00 6.375081e-01 -3.999895e+00
-4.747979e+00 0.000000e+00 9.731241e+00 -1.447922e+01
1.217999e+01 0.000000e+00 7.239259e+00 4.940728e+00
2.335516e+00 0.000000e+00 5.176667e+00 -2.841151e+00
-5.088544e+01 0.000000e+00 -3.858205e-01 -5.049962e+01
6.668883e+00 0.000000e+00 4.763733e+00 1.905150e+00
4.600683e+00 0.000000e+00 1.710202e+00 2.890481e+00
-5.974457e+00 1.554758e+01 -7.614611e+00 1.718773e+01
-1.113014e+01 0.000000e+00 4.103454e+00 -1.523360e+01
1.531444e+01 1.554758e+01 -6.954851e+00 3.781687e+01
2.043258e+01 0.000000e+00 2.089706e+00 1.834287e+01
-2.749202e+00 1.554758e+01 -8.011090e+00 2.080947e+01
-7.193318e+00 0.000000e+00 8.312473e+00 -1.550579e+01
9.797520e+00 0.000000e+00 2.106161e+00 7.691358e+00
1.797132e+01 0.000000e+00 3.080125e+00 1.489119e+01
-2.417956e+01 1.554758e+01 -1.108108e+01 2.449093e+00
1.400277e+01 0.000000e+00 4.070543e+00 9.932222e+00
-2.291157e+01 1.554758e+01 -7.532336e+00 1.683468e-01
1.874326e+01 0.000000e+00 1.133257e+01 7.410689e+00
3.010728e+01 0.000000e+00 3.443175e+00 2.666410e+01
-1.224085e+01 0.000000e+00 1.276884e+01 -2.500968e+01
-2.507325e+01 1.554758e+01 -1.038789e+01 8.622137e-01
1.073114e+01 0.000000e+00 2.023886e+00 8.707250e+00
1.075980e+01 0.000000e+00 5.918701e+00 4.841103e+00
