2.546724e+01 3.099091e+01 1.616367e+01 4.029448e+01
1.884594e+01 2.373772e+01 8.841854e+00 3.374180e+01
2.023478e+01 2.835338e+01 1.344559e+01 3.514258e+01
-1.515099e+00 1.648453e+01 1.582695e+00 1.338673e+01
2.407960e+01 3.428781e+01 1.965628e+01 3.871113e+01
8.678950e+00 1.516576e+01 5.282617e-01 2.331645e+01
4.040483e+00 2.505648e+01 1.043091e+01 1.866605e+01
-8.900779e+00 1.450638e+01 -3.715793e-01 5.977182e+00
2.384805e+01 3.758472e+01 2.292335e+01 3.850942e+01
5.204416e+00 2.373772e+01 9.198673e+00 1.974346e+01
1.408520e+01 2.110019e+01 6.210297e+00 2.897510e+01
3.020943e+01 3.362843e+01 1.902375e+01 4.481411e+01
3.233454e+01 1.384700e+01 -9.981411e-01 4.717969e+01
1.377947e+01 1.714391e+01 2.259978e+00 2.866340e+01
1.932308e+00 1.384700e+01 -7.785661e-01 1.655788e+01
1.618972e+01 1.318762e+01 -1.726144e+00 3.110349e+01
2.642222e+01 3.362843e+01 1.871467e+01 4.133598e+01
-5.897570e-02 2.044081e+01 5.556883e+00 1.482495e+01
2.659297e+01 3.956286e+01 2.467297e+01 4.148287e+01
4.834342e+01 3.494719e+01 2.003940e+01 6.325122e+01
1.460283e+01 2.769400e+01 1.278621e+01 2.951063e+01
2.046343e+01 3.824410e+01 2.336614e+01 3.534139e+01
8.917339e+00 2.175957e+01 6.863711e+00 2.381320e+01
2.711843e+01 4.220039e+01 2.727469e+01 4.204413e+01
2.900853e+01 3.494719e+01 2.004536e+01 4.391036e+01
1.636661e+01 2.505648e+01 1.021134e+01 3.121176e+01
1.130692e+00 2.044081e+01 5.538981e+00 1.603252e+01
9.302453e+00 2.835338e+01 1.346945e+01 2.418638e+01
2.596110e+01 2.505648e+01 1.014868e+01 4.086890e+01
2.992434e+01 2.967215e+01 1.509133e+01 4.450515e+01
4.932319e+00 2.835338e+01 1.345752e+01 1.982818e+01
3.108171e+01 3.626596e+01 2.163442e+01 4.571324e+01
2.650810e+01 2.703462e+01 1.211489e+01 4.142783e+01
1.861572e+01 3.362843e+01 1.900286e+01 3.324128e+01
1.427782e+01 3.165029e+01 1.679918e+01 2.912893e+01
1.335252e+01 2.769400e+01 1.276830e+01 2.827822e+01
3.719191e+01 2.703462e+01 1.213279e+01 5.209374e+01
1.331933e+01 2.967215e+01 1.502868e+01 2.796280e+01
2.333550e+01 2.703462e+01 1.215069e+01 3.821943e+01
2.129863e+01 3.296905e+01 1.835840e+01 3.590928e+01
3.409263e+01 4.022224e+01 2.534428e+01 4.897059e+01
1.299385e+01 2.835338e+01 1.344559e+01 2.790164e+01
3.324926e+01 3.824410e+01 2.341089e+01 4.808247e+01
4.070869e+01 3.099091e+01 1.634744e+01 5.535216e+01
1.942443e+01 2.439710e+01 9.501235e+00 3.432029e+01
2.404023e+01 3.494719e+01 2.002150e+01 3.896593e+01
