8.566730e+01 6.564124e+01 2.028884e+00 1.492797e+02
6.466903e+01 6.564124e+01 2.124386e+01 1.090664e+02
1.246073e+01 6.564124e+01 2.458559e+01 5.351638e+01
9.450805e+00 6.564124e+01 2.291473e+01 5.217732e+01
2.252078e+01 6.564124e+01 1.957299e+01 6.858903e+01
4.203497e+00 6.564124e+01 2.124386e+01 4.860088e+01
4.486572e+01 6.564124e+01 1.790212e+01 9.260484e+01
8.241691e+00 6.564124e+01 1.623126e+01 5.765168e+01
3.691848e+01 6.564124e+01 2.792733e+01 7.463240e+01
7.469669e+01 6.564124e+01 -6.325453e+00 1.466634e+02
2.612257e+01 6.564124e+01 1.957299e+01 7.219083e+01
3.340656e+01 6.564124e+01 1.205409e+01 8.699372e+01
5.376445e+01 6.564124e+01 7.041486e+00 1.123642e+02
3.858381e+01 6.564124e+01 1.790212e+01 8.632293e+01
2.645096e+01 6.564124e+01 1.790212e+01 7.419008e+01
1.360312e+01 6.564124e+01 2.625646e+01 5.298790e+01
1.642310e+02 6.564124e+01 2.625646e+01 2.036158e+02
5.136709e+01 6.564124e+01 1.790212e+01 9.910621e+01
4.002433e+01 6.564124e+01 1.957299e+01 8.609258e+01
7.631257e+00 6.564124e+01 2.458559e+01 4.868691e+01
1.235313e+02 6.564124e+01 2.458559e+01 1.645870e+02
1.000948e+01 6.564124e+01 1.623126e+01 5.941947e+01
1.182172e+02 6.564124e+01 2.124386e+01 1.626146e+02
2.243536e+01 6.564124e+01 2.959819e+01 5.847840e+01
5.477354e+00 6.564124e+01 2.291473e+01 4.820387e+01
2.637135e-01 6.564124e+01 7.041486e+00 5.886347e+01
2.489164e+01 6.564124e+01 2.291473e+01 6.761816e+01
6.204533e+01 6.564124e+01 1.790212e+01 1.097845e+02
6.745198e+01 6.564124e+01 2.458559e+01 1.085076e+02
3.249052e+01 6.564124e+01 5.370618e+00 9.276115e+01
2.430233e+01 6.564124e+01 2.124386e+01 6.869972e+01
1.216205e+02 6.564124e+01 1.957299e+01 1.676888e+02
6.134108e+00 6.564124e+01 2.792733e+01 4.384802e+01
2.208426e+01 6.564124e+01 1.790212e+01 6.982338e+01
8.594920e+00 6.564124e+01 8.712353e+00 6.552381e+01
-9.029083e+00 6.564124e+01 2.959819e+01 2.701397e+01
-2.229020e+01 6.564124e+01 2.291473e+01 2.043632e+01
7.793860e+01 6.564124e+01 2.291473e+01 1.206651e+02
1.827936e+01 6.564124e+01 1.790212e+01 6.601848e+01
8.927281e+00 6.564124e+01 1.372495e+01 6.084357e+01
4.101297e+00 6.564124e+01 1.623126e+01 5.351128e+01
1.060500e+02 6.564124e+01 2.458559e+01 1.471056e+02
4.265898e+00 6.564124e+01 3.699751e+00 6.620739e+01
1.300108e+01 6.564124e+01 2.291473e+01 5.572760e+01
-1.010333e+01 6.564124e+01 2.124386e+01 3.429406e+01
1.138363e+01 6.564124e+01 2.959819e+01 4.742667e+01
3.179892e+01 6.564124e+01 1.623126e+01 8.120890e+01
3.850683e+01 6.564124e+01 2.124386e+01 8.290422e+01
7.226717e+01 6.564124e+01 1.205409e+01 1.258543e+02
2.426476e+01 6.564124e+01 7.041486e+00 8.286451e+01
5.841964e+01 6.564124e+01 1.623126e+01 1.078296e+02
3.761430e+01 6.564124e+01 2.124386e+01 8.201169e+01
3.206805e+01 6.564124e+01 3.126906e+01 6.644023e+01
2.677911e+01 6.564124e+01 1.539582e+01 7.702453e+01
7.662542e+01 6.564124e+01 1.205409e+01 1.302126e+02
3.686823e+01 6.564124e+01 2.291473e+01 7.959475e+01
5.178635e+01 6.564124e+01 1.205409e+01 1.053735e+02
1.075381e+01 6.564124e+01 1.790212e+01 5.849293e+01
1.024086e+02 6.564124e+01 2.625646e+01 1.417934e+02
3.842965e+01 6.564124e+01 2.124386e+01 8.282703e+01
2.305799e+01 6.564124e+01 5.370618e+00 8.332862e+01
1.237738e+01 6.564124e+01 1.957299e+01 5.844563e+01
6.333579e+01 6.564124e+01 1.957299e+01 1.094040e+02
2.678750e+01 6.564124e+01 2.291473e+01 6.951402e+01
9.339542e+01 6.564124e+01 1.623126e+01 1.428054e+02
7.879993e+01 6.564124e+01 8.712353e+00 1.357288e+02
-2.483939e+01 6.564124e+01 -4.654586e+00 4.545644e+01
2.699753e+01 6.564124e+01 2.959819e+01 6.304057e+01
1.141612e+01 6.564124e+01 1.623126e+01 6.082611e+01
1.240058e+02 6.564124e+01 1.623126e+01 1.734158e+02
3.875011e+01 6.564124e+01 1.539582e+01 8.899554e+01
