2.860819e+01 2.665019e+01 2.777730e+00 5.248065e+01
-1.827055e+00 2.041291e+01 -1.695254e+00 2.028111e+01
-4.798685e+00 2.438209e+01 2.580757e+00 1.700265e+01
-6.424540e+00 1.417563e+01 -7.779115e+00 1.553021e+01
6.163312e+00 2.948532e+01 1.193761e+01 2.371101e+01
5.606611e+00 1.304158e+01 -4.352703e+00 2.300090e+01
1.020487e+01 2.154696e+01 3.845843e+00 2.790599e+01
-2.367035e+01 1.247456e+01 -1.009386e+01 -1.101934e+00
4.702606e+01 3.232044e+01 1.553982e+01 6.380668e+01
-4.571542e+00 2.041291e+01 4.872484e-01 1.535412e+01
4.048819e+00 1.814481e+01 -4.116772e+00 2.631040e+01
-3.579948e+00 2.891829e+01 1.068021e+01 1.465813e+01
2.890665e+01 1.190753e+01 -1.150468e+01 5.231885e+01
-6.768161e+00 1.474266e+01 -7.672341e+00 1.564684e+01
-4.067098e+00 1.190753e+01 -5.793587e+00 1.363402e+01
-1.237365e+01 1.134051e+01 -1.030741e+01 9.274266e+00
1.255399e+01 2.891829e+01 7.270376e+00 3.420190e+01
-1.563442e+01 1.757778e+01 -4.837214e+00 6.780579e+00
2.162817e+01 3.402152e+01 1.175994e+01 4.388975e+01
2.983064e+01 3.005234e+01 8.251010e+00 5.163198e+01
-1.315296e+01 2.381506e+01 2.013731e+00 8.648370e+00
3.314106e+00 3.288747e+01 1.031905e+01 2.588252e+01
-1.345495e+01 1.871183e+01 -3.396330e+00 8.653212e+00
4.374385e+00 3.628962e+01 1.494854e+01 2.571547e+01
1.274026e+01 3.005234e+01 8.097593e+00 3.469500e+01
6.751140e+00 2.154696e+01 3.760100e+00 2.453800e+01
-2.020705e+01 1.757778e+01 1.248383e+00 -3.877649e+00
-7.898835e+00 2.438209e+01 7.592436e+00 8.890817e+00
2.904062e+01 2.154696e+01 5.370977e+00 4.521661e+01
3.245738e+01 2.551614e+01 1.228974e+01 4.568378e+01
3.682202e+01 2.438209e+01 7.899269e+00 5.330484e+01
1.213947e+01 3.118639e+01 1.926404e+01 2.406183e+01
-3.324627e+00 2.324804e+01 7.378886e+00 1.254452e+01
1.575755e+01 2.891829e+01 1.684252e+01 2.783332e+01
1.407903e+01 2.721721e+01 9.583770e+00 3.171247e+01
1.643970e+01 2.381506e+01 8.099328e+00 3.215543e+01
4.973929e+01 2.324804e+01 6.918636e+00 6.606869e+01
5.207554e+01 2.551614e+01 1.390062e+01 6.369107e+01
7.106386e+00 2.324804e+01 6.458385e+00 2.389604e+01
1.205228e+01 2.835126e+01 1.589195e+01 2.451160e+01
1.146050e+01 3.458854e+01 1.764547e+01 2.840357e+01
-5.853077e+00 2.438209e+01 8.206103e+00 1.032291e+01
-3.468118e+00 3.288747e+01 1.479377e+01 1.462558e+01
6.897866e+00 2.665019e+01 1.503467e+01 1.851339e+01
6.532233e+01 2.097994e+01 4.497118e+00 8.180515e+01
3.847318e+01 3.005234e+01 1.433661e+01 5.418891e+01
3.324702e+01 2.721721e+01 1.027415e+01 5.019009e+01
-2.284173e+00 1.984589e+01 8.076947e+00 9.484765e+00
5.258077e+00 2.494911e+01 7.622502e+00 2.258469e+01
-9.739289e+00 2.097994e+01 3.193074e+00 8.047573e+00
5.217413e+01 2.268101e+01 1.045182e+01 6.440332e+01
-2.689068e+01 1.814481e+01 1.661991e+00 -1.040786e+01
-3.083862e+01 1.417563e+01 -1.386685e+00 -1.527630e+01
3.059869e-01 1.814481e+01 1.125032e+00 1.732576e+01
-1.470299e+01 1.757778e+01 2.511733e-01 2.623620e+00
-8.268630e-01 2.948532e+01 1.315591e+01 1.550254e+01
-9.737109e+00 1.077348e+01 -6.553130e+00 7.589502e+00
2.626985e+01 1.927886e+01 2.489208e+00 4.305950e+01
2.134682e+01 3.402152e+01 1.799895e+01 3.736939e+01
1.315884e+01 2.494911e+01 8.466295e+00 2.964166e+01
1.539488e+00 2.948532e+01 1.154504e+01 1.947977e+01
4.067451e+01 1.360861e+01 -3.027628e+00 5.731074e+01
1.500983e+01 2.721721e+01 1.058098e+01 3.164606e+01
4.132014e+01 2.494911e+01 8.619712e+00 5.764954e+01
5.069962e+01 3.742367e+01 2.519448e+01 6.292881e+01
6.643625e+01 3.628962e+01 1.865617e+01 8.406970e+01
-1.880802e+00 1.134051e+01 -2.806393e+00 1.226610e+01
3.026985e+01 2.381506e+01 8.099328e+00 4.598558e+01
1.442080e+01 1.814481e+01 1.201741e+00 3.136387e+01
2.001838e+01 2.211399e+01 5.170918e+00 3.696145e+01
4.160381e+01 2.324804e+01 6.228260e+00 5.862359e+01
