1.046125e+02 3.082239e+01 3.907167e+01 9.636320e+01
2.667650e+01 3.082239e+01 3.370822e+01 2.379067e+01
-4.458152e+01 3.082239e+01 2.829378e+01 -4.205292e+01
1.575892e+02 3.082239e+01 3.829190e+01 1.501197e+02
5.266849e+01 3.082239e+01 2.027884e+01 6.321203e+01
3.009196e+00 3.082239e+01 3.391329e+01 -8.170974e-02
2.698822e+01 3.082239e+01 2.826568e+01 2.954493e+01
9.415736e+01 3.082239e+01 4.358974e+01 8.139000e+01
1.447637e+02 3.082239e+01 1.302801e+01 1.625581e+02
8.231547e+00 3.082239e+01 4.300784e+01 -3.953904e+00
3.278317e+01 3.082239e+01 3.666684e+01 2.693871e+01
6.749892e+01 3.082239e+01 2.504472e+01 7.327659e+01
1.150546e+02 3.082239e+01 4.930297e+01 9.657406e+01
4.714163e+01 3.082239e+01 4.063111e+01 3.733290e+01
2.747973e+01 3.082239e+01 3.681363e+01 2.148849e+01
1.635918e+02 3.082239e+01 3.891131e+01 1.555029e+02
-9.066223e+00 3.082239e+01 2.332387e+01 -1.567705e+00
-3.212867e+01 3.082239e+01 3.811701e+01 -3.942329e+01
1.008918e+02 3.082239e+01 2.258787e+01 1.091263e+02
1.495292e+02 3.082239e+01 2.326557e+01 1.570860e+02
3.455092e+01 3.082239e+01 2.879660e+01 3.657670e+01
1.118308e+02 3.082239e+01 2.548820e+01 1.171650e+02
-1.074431e+00 3.082239e+01 3.521668e+01 -5.468723e+00
-3.614452e+00 3.082239e+01 1.489251e+01 1.231543e+01
4.805388e+01 3.082239e+01 2.421292e+01 5.466335e+01
4.003354e+01 0.000000e+00 7.157740e+01 -3.154387e+01
5.915908e+01 0.000000e+00 6.609736e+01 -6.938278e+00
9.781874e+01 0.000000e+00 6.290555e+01 3.491319e+01
6.373930e+01 0.000000e+00 6.163027e+01 2.109028e+00
1.614559e+02 0.000000e+00 6.267341e+01 9.878244e+01
1.171231e+02 0.000000e+00 6.101086e+01 5.611227e+01
3.937326e-01 0.000000e+00 4.959276e+01 -4.919903e+01
-9.440311e+00 0.000000e+00 5.822711e+01 -6.766743e+01
7.370712e+01 0.000000e+00 5.255139e+01 2.115573e+01
4.328097e+01 0.000000e+00 6.560185e+01 -2.232088e+01
-2.100292e+01 0.000000e+00 5.677695e+01 -7.777987e+01
1.979810e+02 0.000000e+00 6.106915e+01 1.369118e+02
2.346074e+02 0.000000e+00 5.272628e+01 1.818811e+02
1.341616e+02 0.000000e+00 6.391119e+01 7.025045e+01
1.388850e+01 0.000000e+00 5.542258e+01 -4.153408e+01
1.240639e+02 0.000000e+00 5.480213e+01 6.926173e+01
2.380751e+02 0.000000e+00 5.911616e+01 1.789589e+02
7.456352e+01 0.000000e+00 6.341568e+01 1.114784e+01
7.764106e+01 0.000000e+00 5.172064e+01 2.592042e+01
1.460121e+02 0.000000e+00 6.402778e+01 8.198433e+01
5.171238e+01 0.000000e+00 5.124592e+01 4.664556e-01
8.840416e+01 0.000000e+00 6.133879e+01 2.706537e+01
-3.585860e+01 0.000000e+00 5.870183e+01 -9.456043e+01
7.720114e+01 0.000000e+00 6.571844e+01 1.148270e+01
1.592857e+01 0.000000e+00 7.208022e+01 -5.615166e+01
7.915823e+01 0.000000e+00 5.902977e+01 2.012846e+01
7.187428e+01 0.000000e+00 6.654188e+01 5.332399e+00
1.331457e+02 0.000000e+00 6.437755e+01 6.876819e+01
1.715730e+02 0.000000e+00 6.985760e+01 1.017154e+02
4.813668e+01 0.000000e+00 7.225511e+01 -2.411843e+01
7.634540e+01 0.000000e+00 5.553813e+01 2.080727e+01
7.915487e+01 0.000000e+00 7.828896e+01 8.659125e-01
1.301074e+02 0.000000e+00 6.743094e+01 6.267646e+01
1.075981e+01 0.000000e+00 4.962087e+01 -3.886105e+01
8.149806e+01 0.000000e+00 6.050804e+01 2.099003e+01
3.036084e+01 0.000000e+00 6.548526e+01 -3.512442e+01
2.332549e+02 0.000000e+00 7.151180e+01 1.617431e+02
5.460448e+01 0.000000e+00 5.944410e+01 -4.839620e+00
6.044441e+01 0.000000e+00 5.956069e+01 8.837178e-01
3.872177e+01 0.000000e+00 4.595643e+01 -7.234659e+00
1.209138e+02 0.000000e+00 5.755672e+01 6.335713e+01
2.937152e+01 0.000000e+00 8.092801e+01 -5.155649e+01
7.034486e+01 0.000000e+00 5.677695e+01 1.356792e+01
1.024487e+02 0.000000e+00 6.938392e+01 3.306480e+01
5.782337e+01 0.000000e+00 6.586418e+01 -8.040811e+00
1.690014e+02 0.000000e+00 6.533221e+01 1.036691e+02
