1.046228e+02 8.953410e+01 1.424816e+01 1.799088e+02
3.615407e+01 8.953410e+01 3.434995e+01 9.133822e+01
4.788085e+01 8.953410e+01 4.021065e+01 9.720430e+01
8.560999e+01 8.953410e+01 3.343327e+01 1.417108e+02
3.425934e+01 8.953410e+01 3.522890e+01 8.856454e+01
6.819568e+01 8.953410e+01 2.953661e+01 1.281932e+02
6.113816e+01 8.953410e+01 2.951277e+01 1.211595e+02
1.851694e+01 8.953410e+01 2.463030e+01 8.342074e+01
1.452511e+01 8.953410e+01 4.656425e+01 5.749495e+01
-2.152970e+01 8.953410e+01 -4.334068e-02 6.804774e+01
1.736881e+01 8.953410e+01 3.128694e+01 7.561596e+01
3.642503e+01 8.953410e+01 2.595568e+01 1.000034e+02
-1.345865e+01 8.953410e+01 1.335532e+01 6.272013e+01
3.551338e+01 8.953410e+01 2.769331e+01 9.735417e+01
-2.871300e+01 8.953410e+01 2.500247e+01 3.581863e+01
1.124312e+02 8.953410e+01 3.611022e+01 1.658550e+02
6.239293e+01 8.953410e+01 4.433490e+01 1.075921e+02
-8.099619e+00 8.953410e+01 2.901987e+01 5.241461e+01
3.960532e+01 8.953410e+01 3.871568e+01 9.042374e+01
5.682173e+01 8.953410e+01 4.286377e+01 1.034921e+02
1.631416e+01 8.953410e+01 3.994533e+01 6.590292e+01
8.222369e+00 8.953410e+01 3.418154e+01 6.357493e+01
4.366157e+01 8.953410e+01 3.355401e+01 9.964165e+01
5.737022e+01 8.953410e+01 5.178748e+01 9.511684e+01
8.551656e+01 8.953410e+01 4.086201e+01 1.341886e+02
-7.442420e+00 8.953410e+01 7.624235e+00 7.446744e+01
4.289171e+01 8.953410e+01 2.478375e+01 1.076421e+02
1.933661e+01 8.953410e+01 2.196222e+01 8.690849e+01
4.899451e+01 8.953410e+01 2.864269e+01 1.098859e+02
1.517307e+01 8.953410e+01 6.115381e+00 9.859178e+01
3.447824e+01 8.953410e+01 2.596574e+01 9.804660e+01
3.476262e+01 8.953410e+01 2.578344e+01 9.851327e+01
6.584558e+01 8.953410e+01 3.344214e+01 1.219375e+02
1.558675e+01 8.953410e+01 2.272044e+01 8.240041e+01
1.689845e+01 8.953410e+01 1.227911e+01 9.415344e+01
8.380939e+01 8.953410e+01 3.570921e+01 1.376343e+02
-1.789702e+01 8.953410e+01 2.743687e+01 4.420020e+01
1.268860e+01 8.953410e+01 2.713384e+01 7.508886e+01
3.383649e+01 8.953410e+01 2.143160e+01 1.019390e+02
2.876550e+01 8.953410e+01 1.745073e+01 1.008489e+02
2.722649e+01 8.953410e+01 2.473608e+01 9.202450e+01
2.698711e+00 8.953410e+01 2.996925e+01 6.226355e+01
-5.614737e+00 8.953410e+01 8.926963e+00 7.499240e+01
1.934699e+01 8.953410e+01 2.766446e+01 8.121662e+01
9.391413e+00 8.953410e+01 2.437386e+01 7.455164e+01
3.040847e+01 8.953410e+01 3.862765e+01 8.131491e+01
-1.717232e+01 8.953410e+01 2.128702e+01 5.107475e+01
4.474407e+01 8.953410e+01 2.247896e+01 1.117992e+02
4.931793e+01 8.953410e+01 1.522138e+01 1.236306e+02
-8.293157e+00 8.953410e+01 7.358922e+00 7.388202e+01
-1.251670e+01 8.953410e+01 1.780025e+01 5.921715e+01
5.406758e+01 8.953410e+01 2.304730e+01 1.205544e+02
-1.254656e+01 8.953410e+01 3.320066e+01 4.378687e+01
6.281115e+01 8.953410e+01 1.604115e+01 1.363041e+02
4.286805e+01 8.953410e+01 1.177232e+01 1.206298e+02
4.330787e+01 8.953410e+01 3.035530e+01 1.024867e+02
4.198971e+01 8.953410e+01 8.588576e+00 1.229352e+02
2.161428e+01 8.953410e+01 1.957441e+01 9.157396e+01
2.246066e+01 8.953410e+01 3.648132e+01 7.551344e+01
4.694984e+01 8.953410e+01 2.623105e+01 1.102529e+02
-3.075228e+00 8.953410e+01 9.336847e+00 7.712202e+01
1.390115e+01 8.953410e+01 1.892305e+01 8.451220e+01
6.427479e+00 8.953410e+01 2.529054e+01 7.067103e+01
4.129808e+01 8.953410e+01 2.823281e+01 1.025994e+02
5.450737e+01 8.953410e+01 2.469836e+01 1.193431e+02
2.214585e+01 8.953410e+01 1.652411e+01 9.515584e+01
2.086919e+01 8.953410e+01 -1.252797e+01 1.229313e+02
3.822105e+01 8.953410e+01 3.570921e+01 9.204593e+01
2.412249e+01 8.953410e+01 1.704203e+01 9.661456e+01
2.780796e+01 8.953410e+01 1.889921e+01 9.844285e+01
3.560938e+01 8.953410e+01 1.842896e+01 1.067145e+02
