8.419127e+00 2.970735e+01 6.245254e+00 3.188123e+01
2.734459e+01 2.275457e+01 1.235186e+01 3.774730e+01
-2.467372e+01 2.717907e+01 7.780194e+00 -5.274848e+00
4.320008e+01 1.580178e+01 1.923106e+01 3.977080e+01
7.974102e+00 3.286771e+01 1.215932e+01 2.868249e+01
8.975665e+01 1.453764e+01 3.041581e+01 7.387848e+01
1.104112e+01 2.401871e+01 2.108190e+01 1.397793e+01
4.600167e+00 1.390557e+01 2.142160e+01 -2.915862e+00
2.029958e+01 3.602807e+01 8.631057e+00 4.769659e+01
2.793118e+01 2.275457e+01 2.341297e+01 2.727277e+01
5.470222e+00 2.022628e+01 1.495372e+01 1.074278e+01
1.898589e+01 3.223564e+01 1.312251e+01 3.809902e+01
1.148524e+02 1.327350e+01 2.245837e+01 1.056675e+02
1.837239e+00 1.643386e+01 1.881973e+01 -5.486376e-01
3.858834e+01 1.327350e+01 3.182711e+01 2.003473e+01
6.326789e+01 1.264143e+01 2.224425e+01 5.366507e+01
-1.032037e+01 3.223564e+01 2.650042e+00 1.926523e+01
1.280304e+01 1.959421e+01 1.565938e+01 1.673788e+01
-9.497679e-01 3.792428e+01 -2.744276e+00 3.971879e+01
1.801443e+01 3.349978e+01 1.459480e+00 5.005473e+01
1.753955e+00 2.654700e+01 8.412265e+00 1.988869e+01
-1.845318e+00 3.666014e+01 -1.332971e+00 3.614779e+01
1.169109e+01 2.085836e+01 1.424807e+01 1.830138e+01
1.697749e+00 4.045257e+01 -5.714048e+00 4.786437e+01
9.090371e+00 3.349978e+01 1.533061e+00 4.105709e+01
5.364092e+00 2.401871e+01 1.002247e+01 1.936034e+01
3.070384e+01 1.959421e+01 1.374794e+01 3.655011e+01
7.411418e+00 2.717907e+01 6.383831e+00 2.820666e+01
1.833652e+01 2.401871e+01 9.249863e+00 3.310537e+01
-4.376839e-01 2.844321e+01 1.551857e+01 1.248696e+01
-1.214195e+01 2.717907e+01 6.236668e+00 8.800451e+00
2.798812e+00 3.476393e+01 8.572418e+00 2.899032e+01
-4.551167e+00 2.591493e+01 7.206486e+00 1.415727e+01
2.503681e+01 3.223564e+01 1.117428e+01 4.609816e+01
1.030472e+00 3.033943e+01 3.628170e+00 2.774173e+01
2.734354e+01 2.654700e+01 6.500834e+00 4.738970e+01
4.225208e+01 2.591493e+01 7.427230e+00 6.073978e+01
6.053547e+01 2.844321e+01 1.474597e+01 7.423272e+01
-2.766756e+00 2.591493e+01 7.647974e+00 1.550020e+01
7.847526e+00 3.160357e+01 1.199031e+01 2.746079e+01
-9.450131e+00 3.855635e+01 -4.919873e+00 3.402610e+01
-7.208341e+00 2.717907e+01 6.089506e+00 1.388122e+01
-2.897980e+00 3.666014e+01 -2.471800e+00 3.623396e+01
1.023932e+01 2.970735e+01 1.348183e+01 2.646485e+01
1.119189e+01 2.338664e+01 1.002910e+01 2.454943e+01
1.298394e+00 3.349978e+01 -4.519512e-01 3.525013e+01
2.728753e+01 3.033943e+01 3.297055e+00 5.432990e+01
1.683843e+01 2.212250e+01 2.114026e+01 1.782066e+01
2.087333e+01 2.781114e+01 6.009293e+00 4.267518e+01
1.787987e+01 2.338664e+01 1.065454e+01 3.061197e+01
5.274608e+00 2.528286e+01 1.820065e+01 1.235681e+01
6.809744e+00 2.022628e+01 1.318945e+01 1.384657e+01
-3.872025e+00 1.580178e+01 1.717247e+01 -5.242707e+00
3.911930e+01 2.022628e+01 1.344699e+01 4.589860e+01
4.161611e+01 1.959421e+01 1.422622e+01 4.698410e+01
-6.980598e+00 3.286771e+01 4.744449e-01 2.541267e+01
7.918848e+01 1.200936e+01 2.181108e+01 6.938676e+01
1.032049e+02 2.149043e+01 1.207247e+01 1.126229e+02
-6.187216e+00 3.792428e+01 -4.729289e+00 3.646636e+01
-1.928111e+00 2.781114e+01 5.604597e+00 2.027843e+01
-1.555891e+01 3.286771e+01 1.247047e+00 1.606175e+01
2.666086e+00 1.516971e+01 1.831961e+01 -4.838067e-01
-1.813070e+01 3.033943e+01 3.149893e+00 9.058832e+00
2.168416e+01 2.781114e+01 5.531016e+00 4.396429e+01
1.156415e+01 4.171671e+01 1.766795e+00 5.151406e+01
4.044487e+01 4.045257e+01 -6.484972e+00 8.738241e+01
5.605169e-01 1.264143e+01 3.176184e+01 -1.855990e+01
8.817932e+01 2.654700e+01 6.500834e+00 1.082255e+02
2.243145e+01 2.022628e+01 1.341020e+01 2.924753e+01
3.829182e+00 2.465078e+01 8.985697e+00 1.949427e+01
-4.477799e+00 2.591493e+01 7.758345e+00 1.367878e+01
