2.082955e+01 1.316702e+01 -1.369231e+01 4.768888e+01
-4.219761e+01 1.316702e+01 -1.527986e+01 -1.375074e+01
-5.916313e+01 1.316702e+01 -1.568524e+01 -3.031088e+01
9.024092e+00 1.316702e+01 -1.527222e+01 3.746333e+01
1.240445e+00 1.316702e+01 -1.402637e+01 2.843383e+01
-3.344894e+01 1.316702e+01 -1.375765e+01 -6.524274e+00
-1.975423e+01 1.316702e+01 -1.367138e+01 7.084170e+00
6.230893e+00 1.316702e+01 -1.462102e+01 3.401893e+01
-9.689278e+00 1.316702e+01 -1.485850e+01 1.833624e+01
-3.441852e+01 1.316702e+01 -1.143950e+01 -9.812003e+00
-9.192588e+00 1.316702e+01 -1.506991e+01 1.904434e+01
-2.030973e+01 1.316702e+01 -1.332821e+01 6.185506e+00
-1.572022e+01 1.316702e+01 -1.377095e+01 1.121775e+01
2.203725e+00 1.316702e+01 -1.483096e+01 3.020171e+01
-4.815252e+01 1.316702e+01 -1.342479e+01 -2.156071e+01
-2.063239e+01 1.316702e+01 -1.550354e+01 8.038175e+00
-2.115472e+01 1.316702e+01 -1.595320e+01 7.965497e+00
-4.788856e+01 1.316702e+01 -1.490349e+01 -1.981805e+01
-1.170379e+01 1.316702e+01 -1.547605e+01 1.693929e+01
-2.525800e+01 1.316702e+01 -1.583029e+01 3.739299e+00
-2.343600e+01 1.316702e+01 -1.567073e+01 5.401751e+00
-1.817109e+01 1.316702e+01 -1.514320e+01 1.013913e+01
-3.814274e+01 1.316702e+01 -1.523634e+01 -9.739378e+00
1.183677e+00 1.316702e+01 -1.644561e+01 3.079630e+01
-4.059599e+00 1.316702e+01 -1.567836e+01 2.478578e+01
-1.277260e+00 0.000000e+00 -8.505122e-01 -4.267481e-01
1.086897e+01 0.000000e+00 -2.192236e+00 1.306121e+01
-3.140392e+01 0.000000e+00 -1.910529e+00 -2.949339e+01
-1.849671e+01 0.000000e+00 -2.445692e+00 -1.605101e+01
-7.803173e+00 0.000000e+00 5.335208e-01 -8.336694e+00
-8.366999e+00 0.000000e+00 -2.214373e+00 -6.152625e+00
2.311145e+00 0.000000e+00 -9.028652e-01 3.214010e+00
-2.605065e+01 0.000000e+00 -2.793051e+00 -2.325760e+01
-9.375540e+00 0.000000e+00 -6.929234e-01 -8.682617e+00
-1.180254e+01 0.000000e+00 -1.147484e+00 -1.065506e+01
1.610099e+01 0.000000e+00 -2.959478e+00 1.906047e+01
3.327235e-01 0.000000e+00 -2.337285e+00 2.670009e+00
1.822166e+00 0.000000e+00 -1.061659e+00 2.883825e+00
-2.326430e+01 0.000000e+00 -1.881520e+00 -2.138278e+01
8.278224e+00 0.000000e+00 -2.986136e-01 8.576837e+00
7.019762e+00 0.000000e+00 -2.019697e+00 9.039459e+00
1.149485e+01 0.000000e+00 -2.518217e+00 1.401306e+01
-1.580810e+01 0.000000e+00 -8.367678e-01 -1.497133e+01
8.409709e+00 0.000000e+00 -1.090669e+00 9.500378e+00
1.142257e+01 0.000000e+00 -2.127343e+00 1.354991e+01
-1.107130e+01 0.000000e+00 -3.119033e+00 -7.952268e+00
3.021640e+00 0.000000e+00 -1.831132e+00 4.852772e+00
1.765817e+01 0.000000e+00 -7.646877e-01 1.842286e+01
3.218742e+00 0.000000e+00 -1.393308e+00 4.612050e+00
3.309004e+01 0.000000e+00 -8.360072e-01 3.392605e+01
-1.118150e-01 0.000000e+00 -3.814468e-01 2.696318e-01
-2.332435e+01 0.000000e+00 -2.054819e+00 -2.126953e+01
-8.573899e+00 0.000000e+00 -2.864815e+00 -5.709084e+00
-4.917721e-01 0.000000e+00 -1.523092e+00 1.031320e+00
8.439237e+00 0.000000e+00 -1.204743e+00 9.643980e+00
-8.500311e+00 0.000000e+00 -2.496840e+00 -6.003471e+00
-6.543952e+00 0.000000e+00 -1.030683e+00 -5.513268e+00
-1.261219e+00 0.000000e+00 -1.779985e+00 5.187658e-01
-1.118550e+01 0.000000e+00 -2.916724e+00 -8.268774e+00
-2.977595e+00 0.000000e+00 -2.228878e+00 -7.487171e-01
-4.988514e+00 0.000000e+00 -9.016599e-01 -4.086854e+00
1.477907e+01 0.000000e+00 -1.786857e+00 1.656592e+01
1.497752e+01 0.000000e+00 -2.134976e+00 1.711249e+01
3.702477e+00 0.000000e+00 -2.380800e+00 6.083278e+00
9.318040e+00 0.000000e+00 -7.585760e-01 1.007662e+01
-1.475318e+01 0.000000e+00 -1.379563e+00 -1.337362e+01
8.976426e+00 0.000000e+00 1.807677e+00 7.168750e+00
9.652069e-02 0.000000e+00 -2.959478e+00 3.055999e+00
6.936933e+00 0.000000e+00 -1.599053e+00 8.535985e+00
-1.050214e+01 0.000000e+00 -1.700588e+00 -8.801548e+00
6.502517e+00 0.000000e+00 -1.653637e+00 8.156154e+00
