6.297127e+01 7.838739e+01 3.377806e+01 1.075806e+02
2.211017e+01 7.838739e+01 2.723890e+01 7.325866e+01
-4.970162e+00 7.838739e+01 2.363292e+01 4.978431e+01
5.015868e+01 7.838739e+01 2.945212e+01 9.909395e+01
2.506377e+01 7.838739e+01 2.155151e+01 8.189965e+01
4.594716e+01 7.838739e+01 2.875038e+01 9.558418e+01
3.500081e+01 7.838739e+01 2.626279e+01 8.712540e+01
4.498405e+01 7.838739e+01 3.361730e+01 8.975414e+01
3.820648e+01 7.838739e+01 1.599881e+01 1.005951e+02
1.467557e+01 7.838739e+01 3.890337e+01 5.415959e+01
6.314165e+01 7.838739e+01 2.918038e+01 1.123487e+02
3.049927e+01 7.838739e+01 2.557951e+01 8.330715e+01
5.285575e+01 7.838739e+01 3.847886e+01 9.276428e+01
1.602280e+01 7.838739e+01 3.167582e+01 6.273437e+01
4.325837e+01 7.838739e+01 3.097146e+01 9.067430e+01
5.426021e+01 7.838739e+01 2.916990e+01 1.034777e+02
2.233425e+01 7.838739e+01 2.058352e+01 8.013812e+01
6.514629e+00 7.838739e+01 3.029092e+01 5.461110e+01
4.629792e+01 7.838739e+01 2.142493e+01 1.032604e+02
2.213452e+01 7.838739e+01 2.086312e+01 7.965880e+01
6.834707e+00 7.838739e+01 2.390990e+01 6.131220e+01
3.472689e+01 7.838739e+01 2.364601e+01 8.946827e+01
2.901479e+01 7.838739e+01 2.806984e+01 7.933234e+01
2.011256e+01 7.838739e+01 1.531565e+01 8.318430e+01
3.819696e+01 7.838739e+01 2.169668e+01 9.488767e+01
3.679551e+01 7.838739e+01 3.160229e+01 8.358062e+01
2.898030e+01 7.838739e+01 2.562233e+01 8.174536e+01
3.760393e+01 7.838739e+01 2.479924e+01 9.119208e+01
2.043477e+01 7.838739e+01 2.284991e+01 7.597226e+01
3.928830e+01 7.838739e+01 2.840772e+01 8.926797e+01
3.609889e+01 7.838739e+01 2.313212e+01 9.135416e+01
1.933248e+01 7.838739e+01 1.855266e+01 7.916721e+01
-9.188897e-01 7.838739e+01 2.035184e+01 5.711666e+01
3.586661e+01 7.838739e+01 2.049414e+01 9.375987e+01
2.361919e+01 7.838739e+01 2.799892e+01 7.400765e+01
1.605799e+01 7.838739e+01 1.924130e+01 7.520408e+01
4.378878e+01 7.838739e+01 2.285252e+01 9.932365e+01
5.438997e+01 7.838739e+01 1.965534e+01 1.131220e+02
4.369762e+01 7.838739e+01 2.535320e+01 9.673180e+01
8.013275e+00 7.838739e+01 2.285502e+01 6.354565e+01
2.622881e+01 7.838739e+01 2.064716e+01 8.396904e+01
4.042691e+01 7.838739e+01 2.146500e+01 9.734930e+01
1.916342e+01 7.838739e+01 2.772980e+01 6.982101e+01
3.425224e+01 7.838739e+01 1.910138e+01 9.353826e+01
5.432315e+01 7.838739e+01 2.479401e+01 1.079165e+02
2.019584e+01 7.838739e+01 1.619452e+01 8.238870e+01
2.305170e+01 7.838739e+01 2.424790e+01 7.719119e+01
1.448986e+01 7.838739e+01 2.325870e+01 6.961855e+01
3.398669e+01 7.838739e+01 2.743972e+01 8.493435e+01
3.886695e+01 7.838739e+01 3.187927e+01 8.537508e+01
2.971767e+01 7.838739e+01 2.437448e+01 8.373059e+01
1.384028e+01 7.838739e+01 2.617891e+01 6.604877e+01
1.954562e+01 7.838739e+01 2.311641e+01 7.481660e+01
5.317760e+01 7.838739e+01 2.909637e+01 1.024686e+02
5.246729e+01 7.838739e+01 3.104047e+01 9.981421e+01
1.633351e+01 7.838739e+01 1.980574e+01 7.491515e+01
5.045763e+01 7.838739e+01 3.436423e+01 9.448079e+01
4.886239e+01 7.838739e+01 2.729207e+01 9.995772e+01
2.440262e+01 7.838739e+01 1.592278e+01 8.686723e+01
1.698361e+01 7.838739e+01 2.285514e+01 7.251586e+01
3.244282e+01 7.838739e+01 2.855812e+01 8.227209e+01
5.216059e+01 7.838739e+01 2.922831e+01 1.013197e+02
8.893351e+00 7.838739e+01 2.258078e+01 6.469996e+01
3.055635e+01 7.838739e+01 2.202158e+01 8.692215e+01
3.145039e+01 7.838739e+01 1.717300e+01 9.266479e+01
5.272303e+01 7.838739e+01 2.356724e+01 1.075432e+02
2.049469e+01 7.838739e+01 4.033358e+01 5.854850e+01
4.303679e+01 7.838739e+01 1.924130e+01 1.021829e+02
6.033913e+01 7.838739e+01 2.867959e+01 1.100469e+02
3.807991e+01 7.838739e+01 2.674073e+01 8.972658e+01
3.807911e+01 7.838739e+01 2.660354e+01 8.986296e+01
