2.512417e+01 1.412333e+01 1.788758e+01 2.135992e+01
1.986054e+01 1.412333e+01 2.328500e+01 1.069887e+01
1.671838e+01 1.412333e+01 2.116213e+01 9.679583e+00
1.922772e+01 1.412333e+01 2.720419e+01 6.146858e+00
3.535741e+01 1.412333e+01 1.898144e+01 3.049931e+01
4.369853e+01 1.412333e+01 2.908347e+01 2.873839e+01
3.188546e+01 1.412333e+01 2.364953e+01 2.235925e+01
3.206046e+01 1.412333e+01 2.767153e+01 1.851226e+01
2.776373e+01 1.412333e+01 1.796790e+01 2.391916e+01
2.082278e-01 1.412333e+01 2.229515e+01 -7.963592e+00
3.986949e+01 1.412333e+01 2.451818e+01 2.947464e+01
1.134339e+01 1.412333e+01 1.869140e+01 6.775321e+00
6.322017e+01 1.412333e+01 2.724071e+01 5.010279e+01
3.307103e+01 1.412333e+01 2.643835e+01 2.075601e+01
1.245555e+00 1.412333e+01 2.948889e+01 -1.412000e+01
1.073303e+02 1.412333e+01 2.920322e+01 9.225046e+01
1.633626e+01 1.412333e+01 1.855498e+01 1.190461e+01
6.316612e+00 1.412333e+01 2.472089e+01 -4.280948e+00
3.267145e+01 1.412333e+01 1.490042e+01 3.189436e+01
1.718635e+01 1.412333e+01 1.772721e+01 1.358246e+01
7.999003e+00 1.412333e+01 2.150562e+01 6.167141e-01
-1.909170e+01 1.412333e+01 1.530584e+01 -2.027420e+01
-7.091992e+00 1.412333e+01 2.431548e+01 -1.728414e+01
1.605396e+01 1.412333e+01 1.437116e+01 1.580614e+01
1.949698e+01 1.412333e+01 1.758643e+01 1.603388e+01
-4.448827e+00 0.000000e+00 7.278024e+00 -1.172685e+01
3.566446e+01 0.000000e+00 1.101991e+01 2.464455e+01
3.194697e+00 0.000000e+00 6.475662e+00 -3.280965e+00
1.815488e+01 0.000000e+00 8.756255e+00 9.398622e+00
1.128038e+01 0.000000e+00 6.065884e+00 5.214493e+00
3.002231e+01 0.000000e+00 6.757230e+00 2.326508e+01
2.837324e+01 0.000000e+00 3.827632e+00 2.454561e+01
1.008024e+01 0.000000e+00 8.007348e+00 2.072893e+00
1.418568e+01 0.000000e+00 5.060814e+00 9.124866e+00
7.148769e-01 0.000000e+00 3.983893e+00 -3.269016e+00
3.765097e+01 0.000000e+00 7.804640e+00 2.984633e+01
3.836285e+01 0.000000e+00 7.584996e+00 3.077785e+01
3.289074e+00 0.000000e+00 7.544114e+00 -4.255041e+00
1.740199e+01 0.000000e+00 7.162645e+00 1.023934e+01
-9.186329e-01 0.000000e+00 5.052346e+00 -5.970978e+00
1.016470e+01 0.000000e+00 1.520311e-01 1.001267e+01
1.246827e+01 0.000000e+00 7.038797e+00 5.429475e+00
1.365842e+00 0.000000e+00 1.266266e-01 1.239215e+00
1.178971e+01 0.000000e+00 6.857131e+00 4.932575e+00
-3.742336e+00 0.000000e+00 8.818179e+00 -1.256051e+01
1.428961e+01 0.000000e+00 4.026234e+00 1.026337e+01
1.929785e+01 0.000000e+00 4.617421e+00 1.468043e+01
1.817861e+00 0.000000e+00 1.083825e+01 -9.020384e+00
-2.475944e+00 0.000000e+00 5.639427e+00 -8.115371e+00
1.362532e+01 0.000000e+00 7.621516e+00 6.003805e+00
2.625546e+01 0.000000e+00 8.698436e+00 1.755703e+01
1.739749e+01 0.000000e+00 1.053564e+01 6.861854e+00
1.851194e+01 0.000000e+00 1.378478e+01 4.727157e+00
5.970811e+00 0.000000e+00 1.004289e+01 -4.072081e+00
1.094713e+01 0.000000e+00 1.010482e+01 8.423120e-01
9.831842e+01 0.000000e+00 3.806590e+00 9.451183e+01
1.675131e+01 0.000000e+00 1.422671e+01 2.524596e+00
1.619060e+01 0.000000e+00 9.567085e+00 6.623516e+00
-1.100686e-01 0.000000e+00 1.340226e+00 -1.450294e+00
-1.821763e-01 0.000000e+00 6.413738e+00 -6.595914e+00
9.978443e+00 0.000000e+00 2.328359e+00 7.650084e+00
2.956086e+01 0.000000e+00 1.314278e+01 1.641808e+01
2.978753e+01 0.000000e+00 4.898988e+00 2.488854e+01
7.940174e+00 0.000000e+00 6.554522e+00 1.385652e+00
4.868953e+01 0.000000e+00 -2.323425e-01 4.892188e+01
7.547872e+00 0.000000e+00 -1.511971e+00 9.059842e+00
2.496741e+01 0.000000e+00 1.380847e+01 1.115894e+01
3.612690e+01 0.000000e+00 7.804640e+00 2.832226e+01
9.237338e+01 0.000000e+00 1.011328e+01 8.226010e+01
4.449224e+01 0.000000e+00 7.708844e+00 3.678340e+01
3.521387e+01 0.000000e+00 6.951469e+00 2.826240e+01
